##454 read profile for ART 454 simulator
##the empirical transition distribution of the homopolymer-length dependent 1st order Markov model of quality scores
##FORMAT
##homopolymer_length	previous_base_position	previous_base_quality_score	next_base_quality_score_1	next_base_quality_score_2	...
##homopolymer_length	previous_base_position	previous_base_quality_score	freq_next_base_qual_score_1	freq_next_base_qual_score_2	...
2	1	0	0
2	1	0	40
2	1	10	10
2	1	10	1
2	1	11	11	12	13	15	18
2	1	11	31	2	2	1	1
2	1	12	11	12	13	14	15	20	22
2	1	12	2	32	1	2	1	1	1
2	1	13	12	13	14	15	18
2	1	13	1	30	2	3	1
2	1	14	12	13	14	15	16	17	22	24
2	1	14	2	1	49	2	3	2	1	2
2	1	15	12	14	15	16	17	18	19	20
2	1	15	1	2	37	4	3	5	1	1
2	1	16	13	14	15	16	17	18	19	20	21	24	30
2	1	16	1	1	2	79	5	4	1	2	1	2	1
2	1	17	15	16	17	18	19	21	22
2	1	17	3	4	92	7	1	1	1
2	1	18	13	14	15	16	17	18	19	20	21	22	23	24	25	26	27	38
2	1	18	1	1	1	4	2	104	8	6	3	2	1	9	2	1	1	1
2	1	19	15	16	17	18	19	20	21	22	23	24	26
2	1	19	2	3	1	6	85	5	3	2	1	2	1
2	1	20	16	18	19	20	21	22	23	24	25	27	28	29	36	38
2	1	20	1	3	5	93	5	7	7	6	3	1	1	2	1	1
2	1	21	16	17	18	19	20	21	22	23	24	25	27	28
2	1	21	1	2	1	6	7	135	6	14	7	3	4	2
2	1	22	18	19	20	21	22	23	24	25	26	27	28	29	32	35	36
2	1	22	2	3	6	8	104	3	11	3	2	3	2	1	1	1	1
2	1	23	17	18	19	20	21	22	23	24	25	26	27	29	31	32
2	1	23	1	1	2	2	10	11	140	10	10	4	2	1	1	1
2	1	24	19	20	21	22	23	24	25	26	27	28	29	30	33	34	35	38
2	1	24	3	3	4	4	10	182	4	12	6	5	1	4	1	1	3	1
2	1	25	18	20	21	22	23	24	25	26	27	28	29	30	31	32	34	35	40
2	1	25	1	4	2	3	7	6	115	4	10	7	4	4	2	1	1	2	1
2	1	26	20	21	22	23	24	25	26	27	28	29	30	31	32	34	35	36	37
2	1	26	1	4	1	4	7	2	166	10	7	9	4	3	1	1	1	1	1
2	1	27	18	21	22	23	24	25	26	27	28	29	30	32	33	34	35	39
2	1	27	1	4	6	6	4	9	9	214	8	16	11	3	5	1	1	1
2	1	28	21	24	25	26	27	28	29	30	31	32	33	34	35	36	38	39	40
2	1	28	2	4	5	7	9	188	6	8	1	7	1	1	6	4	1	2	2
2	1	29	20	21	23	24	25	26	27	28	29	30	31	32	33	34	35	36	37	38	39	40
2	1	29	1	2	1	2	4	7	13	10	291	12	17	8	2	4	4	3	1	2	1	3
2	1	30	19	23	24	25	26	27	28	29	30	31	32	33	34	35	36	37	40
2	1	30	1	3	3	3	1	9	9	12	181	6	16	15	12	3	2	1	4
2	1	31	24	26	27	28	29	30	31	32	33	34	35	36	37	38	39	40
2	1	31	1	1	5	4	13	5	174	5	11	7	13	2	2	1	2	4
2	1	32	22	24	25	26	27	28	29	30	31	32	33	34	35	36	37	38	39	40
2	1	32	1	1	1	2	3	3	10	9	10	205	13	16	8	7	1	2	1	3
2	1	33	23	26	27	28	29	30	31	32	33	34	35	36	37	38	39	40
2	1	33	1	3	1	4	7	17	7	14	404	10	15	8	9	5	5	14
2	1	34	24	26	27	28	29	30	31	32	33	34	35	36	37	38	39	40
2	1	34	1	1	1	2	7	3	11	25	11	232	9	11	30	3	4	13
2	1	35	24	25	26	29	30	31	32	33	34	35	36	37	38	39	40
2	1	35	2	1	1	4	4	10	12	15	12	411	6	27	17	15	19
2	1	36	26	31	32	33	34	35	36	37	38	39	40
2	1	36	1	2	5	10	21	17	224	17	3	5	21
2	1	37	23	27	29	30	32	33	34	35	36	37	38	39	40
2	1	37	2	3	2	1	3	8	27	25	23	574	26	25	82
2	1	38	30	31	32	33	34	35	36	37	38	39	40
2	1	38	1	1	1	7	3	15	6	26	314	15	39
2	1	39	29	31	32	33	34	35	36	37	38	39	40
2	1	39	1	3	2	2	2	21	5	20	17	717	102
2	1	40	24	28	29	31	32	33	34	35	36	37	38	39	40
2	1	40	1	1	1	1	4	12	6	9	18	82	43	111	11561
3	1	0	0
3	1	0	21
3	1	11	11	12
3	1	11	26	2
3	1	12	12	13	17
3	1	12	44	1	1
3	1	13	11	12	13	15	16
3	1	13	1	2	36	1	1
3	1	14	12	14	16	18
3	1	14	1	53	4	1
3	1	15	12	13	15	16	18
3	1	15	1	1	57	1	1
3	1	16	13	14	15	16	17	18
3	1	16	2	4	1	77	1	8
3	1	17	13	15	16	17	18	19
3	1	17	1	3	3	66	4	4
3	1	18	16	17	18	19	25
3	1	18	7	3	109	5	1
3	1	19	15	16	17	18	19	20	21	26
3	1	19	3	2	7	4	69	7	2	3
3	1	20	15	16	17	18	19	20	21	22	23	24
3	1	20	4	2	5	7	11	99	5	2	1	1
3	1	21	17	18	19	20	21	22	23	24	25	26
3	1	21	1	4	4	4	79	12	4	2	1	1
3	1	22	17	18	19	20	21	22	23	24	25	26
3	1	22	1	4	2	3	6	106	1	2	1	3
3	1	23	16	18	19	20	21	22	23	24	26	27	31
3	1	23	1	4	3	5	9	4	64	3	1	4	1
3	1	24	15	17	19	20	21	22	23	24	25	26	28	29
3	1	24	2	3	1	5	5	8	5	64	3	2	1	1
3	1	25	16	20	21	22	23	24	25	26	27	29
3	1	25	2	2	1	4	7	6	59	2	4	1
3	1	26	16	17	18	19	20	21	22	23	24	25	26	27	28	29	31	32
3	1	26	1	1	1	4	2	4	16	6	11	7	110	5	4	8	1	3
3	1	27	19	22	23	24	25	26	27	28	29	30	31	32
3	1	27	1	1	5	2	7	11	185	3	4	3	1	2
3	1	28	16	19	20	22	24	25	26	27	28	29	30	31	32	34
3	1	28	1	1	1	1	3	2	18	9	53	6	2	1	5	2
3	1	29	18	19	20	21	22	23	24	25	26	27	28	29	30	31	32	33	34	35
3	1	29	1	1	5	2	5	2	1	6	9	12	9	110	1	4	2	3	2	2
3	1	30	21	22	23	24	26	27	28	29	30	31	32	33	38
3	1	30	1	1	1	1	3	6	3	2	28	2	4	2	1
3	1	31	21	22	23	25	26	27	28	29	31	32	33	34	35	36	37
3	1	31	1	1	3	1	2	2	3	5	123	1	6	2	1	1	1
3	1	32	17	18	19	20	22	23	24	25	26	27	28	29	30	31	32	33	34	35	36	37	38
3	1	32	1	1	1	1	1	2	3	3	5	8	14	10	6	6	124	10	3	3	3	2	7
3	1	33	22	23	24	25	26	27	28	29	30	31	32	33	34	35	36	37	38	39	40
3	1	33	1	1	1	1	1	5	3	6	3	9	6	172	2	5	1	2	1	2	1
3	1	34	20	22	23	24	25	26	27	28	29	30	31	32	33	34	35	37	38	39	40
3	1	34	2	1	3	2	3	1	3	3	11	3	9	10	7	81	3	1	1	2	1
3	1	35	19	21	23	24	25	26	27	28	29	30	31	32	33	34	35	36	38	39	40
3	1	35	1	1	3	2	1	2	2	5	3	4	3	8	3	3	107	2	1	2	2
3	1	36	23	26	27	29	32	33	34	35	36	37	38	40
3	1	36	1	2	1	3	8	6	1	3	52	4	7	4
3	1	37	23	26	27	28	29	30	31	32	33	34	35	36	37	38	39	40
3	1	37	1	2	3	2	1	4	7	16	18	2	11	3	279	16	16	14
3	1	38	23	28	29	30	31	32	33	34	35	36	37	38	39	40
3	1	38	2	1	6	3	1	9	6	3	6	1	17	86	6	9
3	1	39	27	29	31	32	33	34	35	36	37	38	39	40
3	1	39	2	2	2	2	11	8	2	2	25	14	159	34
3	1	40	24	25	26	28	29	30	31	32	33	34	35	36	37	38	39	40
3	1	40	1	1	2	1	2	1	4	7	17	9	32	15	98	23	118	2726
3	2	0	0
3	2	0	21
3	2	11	11	12
3	2	11	26	1
3	2	12	12	13	14	17
3	2	12	46	1	2	1
3	2	13	12	13	14	15	16
3	2	13	2	36	1	1	1
3	2	14	14	15	16
3	2	14	51	1	5
3	2	15	12	13	15	16	17	18	19	20	23
3	2	15	1	1	59	4	1	1	1	2	1
3	2	16	13	14	15	16	17	18	22
3	2	16	3	5	2	83	1	5	3
3	2	17	15	16	17	18	19	20	22
3	2	17	1	6	75	1	3	3	1
3	2	18	15	16	17	18	19	20	21	22	24	25
3	2	18	1	10	7	115	7	2	2	3	1	1
3	2	19	16	17	18	19	20	22	23	26
3	2	19	1	4	5	92	3	1	1	1
3	2	20	16	17	18	19	20	21	22	23	24	28	29
3	2	20	1	1	4	8	107	5	3	1	2	3	1
3	2	21	17	18	19	20	21	22	23	24	25	27
3	2	21	1	1	1	7	85	8	7	4	1	1
3	2	22	18	19	20	21	22	25	26	27	28	30	32	35
3	2	22	1	2	6	3	141	2	2	1	1	1	3	1
3	2	23	17	18	21	22	23	24	25	26	27	28	29	31	32	33	36
3	2	23	1	1	5	3	80	5	5	3	2	1	1	1	1	1	2
3	2	24	20	21	22	23	24	25	26	27	28	29	31	32	33	37
3	2	24	1	1	5	5	74	1	6	5	1	1	2	1	1	1
3	2	25	20	22	23	24	25	26	27	28	29	30	31	32	37	40
3	2	25	3	2	6	6	66	1	3	2	2	1	2	1	1	1
3	2	26	22	23	24	25	26	27	28	29	30	31	35	36	37	38	39
3	2	26	2	7	9	4	131	7	5	6	3	1	1	1	1	1	1
3	2	27	21	23	24	25	26	27	28	29	30	31	32	33	34	37	39	40
3	2	27	1	2	6	3	6	198	4	14	3	3	2	2	2	2	2	1
3	2	28	23	24	25	26	27	28	29	30	31	32	33	39	40
3	2	28	2	1	2	6	4	78	2	4	1	1	2	1	1
3	2	29	21	22	24	25	26	27	28	29	30	31	32	33	34	35	36	37	38	40
3	2	29	1	1	1	1	2	5	9	122	4	7	12	5	2	1	1	2	2	3
3	2	30	27	28	29	30	31	32	33	34	35	37	38	39	40
3	2	30	1	2	3	33	4	5	2	1	2	2	1	1	1
3	2	31	25	26	27	29	30	31	32	33	34	35	37	38	39	40
3	2	31	1	2	3	6	4	122	9	5	1	2	5	2	2	10
3	2	32	25	26	27	28	29	30	31	32	33	34	35	36	37	38	39	40
3	2	32	1	1	3	5	6	4	4	142	5	6	7	2	13	3	2	3
3	2	33	20	28	29	30	31	32	33	34	35	36	37	38	39	40
3	2	33	1	2	2	3	4	10	191	2	11	3	18	5	4	5
3	2	34	24	28	29	30	31	32	33	34	35	36	38	39	40
3	2	34	1	1	1	1	4	2	4	93	1	2	1	3	4
3	2	35	24	29	32	33	34	35	36	37	38	39	40
3	2	35	1	5	6	8	2	119	3	7	6	8	10
3	2	36	28	32	35	36	37	38	39	40
3	2	36	1	5	4	50	8	1	4	7
3	2	37	27	30	32	33	34	35	36	37	38	39	40
3	2	37	1	1	6	14	2	10	8	308	20	21	38
3	2	38	28	31	32	33	34	35	36	37	38	39	40
3	2	38	1	1	3	9	3	1	4	8	103	8	16
3	2	39	23	31	32	33	34	35	36	37	38	39	40
3	2	39	1	1	2	2	2	2	1	26	2	213	53
3	2	40	33	34	35	36	37	38	39	40
3	2	40	2	2	4	10	26	11	46	2690
4	1	0	0
4	1	0	17
4	1	11	11
4	1	11	15
4	1	12	11	12	14
4	1	12	1	64	1
4	1	13	13
4	1	13	7
4	1	14	12	14	15	16	18
4	1	14	2	68	2	3	1
4	1	15	15	17	18
4	1	15	19	3	4
4	1	16	14	16	17	18	26
4	1	16	4	59	9	7	1
4	1	17	16	17	18	21
4	1	17	3	31	2	2
4	1	18	16	17	18	20	21	27
4	1	18	4	1	37	1	2	4
4	1	19	17	18	19
4	1	19	1	1	16
4	1	20	20	21	24
4	1	20	19	1	1
4	1	21	18	19	21	22	23	25
4	1	21	1	1	43	2	3	1
4	1	22	22	23	24	27
4	1	22	17	1	1	1
4	1	23	21	23	24	25	27
4	1	23	5	30	1	3	1
4	1	24	20	21	22	23	24	25	27
4	1	24	1	1	1	1	37	1	1
4	1	25	23	24	25	26	27	28	31
4	1	25	5	1	56	2	1	2	1
4	1	26	22	24	26	27
4	1	26	1	2	33	2
4	1	27	24	26	27	28	29	30	31
4	1	27	4	1	68	3	1	1	4
4	1	28	24	27	28	29	30	31	32
4	1	28	1	2	74	5	4	2	1
4	1	29	27	28	29	30	31	32	33	35
4	1	29	3	4	93	2	2	3	1	1
4	1	30	28	29	30	31	32
4	1	30	5	2	39	4	3
4	1	31	28	29	30	31	33	35	36
4	1	31	1	5	1	80	2	3	3
4	1	32	29	30	32	33	34	35	36
4	1	32	1	2	64	5	1	3	2
4	1	33	29	30	32	33	34	35	36
4	1	33	1	3	4	129	8	6	2
4	1	34	33	34	35	36
4	1	34	1	168	6	11
4	1	35	31	32	33	34	35	36	37
4	1	35	4	1	2	3	81	1	3
4	1	36	36	37	39
4	1	36	124	2	2
4	1	37	35	36	37	39
4	1	37	1	4	118	6
4	1	38	38
4	1	38	1
4	1	39	36	39
4	1	39	1	78
4	2	0	0
4	2	0	17
4	2	11	11	12
4	2	11	15	1
4	2	12	11	12	14
4	2	12	2	62	2
4	2	13	13	14
4	2	13	6	1
4	2	14	12	13	14	15	16
4	2	14	7	1	60	1	4
4	2	15	15	16
4	2	15	18	3
4	2	16	12	14	15	16	17	18	21
4	2	16	1	5	1	58	2	1	1
4	2	17	12	14	15	16	17	18	21
4	2	17	1	1	1	1	39	1	1
4	2	18	14	15	16	17	18	19	26	27
4	2	18	1	2	4	1	42	1	1	1
4	2	19	17	18	19
4	2	19	2	3	12
4	2	20	18	19	20	21	24
4	2	20	1	2	16	1	1
4	2	21	12	14	18	19	20	21	22	23	26
4	2	21	1	1	2	5	1	38	4	1	1
4	2	22	17	18	19	21	22	23	24	25	26
4	2	22	1	2	1	2	7	2	3	2	1
4	2	23	17	20	21	22	23	25	26	28	29
4	2	23	1	2	3	2	27	2	1	1	1
4	2	24	21	22	23	24	25	27
4	2	24	4	6	4	29	4	1
4	2	25	17	21	22	24	25	26	27	28
4	2	25	1	1	3	1	51	1	1	2
4	2	26	21	25	26	27	28	29	31
4	2	26	2	1	30	1	1	1	1
4	2	27	18	20	22	23	24	25	27	28	29	31
4	2	27	1	1	5	6	4	3	56	4	2	1
4	2	28	20	21	23	24	25	26	27	28	29	30	31	33	34
4	2	28	1	2	1	3	10	2	8	45	7	6	2	1	1
4	2	29	24	25	26	27	28	29	31	32	33
4	2	29	2	6	2	11	4	77	2	2	2
4	2	30	26	27	28	29	30	31	32	33
4	2	30	1	2	4	4	33	4	1	3
4	2	31	24	25	26	27	28	29	30	31	32	33	34
4	2	31	1	2	2	6	7	9	16	42	4	4	4
4	2	32	27	28	29	30	31	32	33	34	35	36
4	2	32	1	2	3	4	11	31	13	4	2	5
4	2	33	27	28	29	30	31	32	33	34	35	36
4	2	33	3	2	9	4	6	16	75	20	3	2
4	2	34	31	32	33	34	35	36
4	2	34	3	15	36	113	2	11
4	2	35	27	30	31	32	33	34	35	36	37
4	2	35	1	2	5	7	11	2	66	1	6
4	2	36	27	29	31	32	33	34	35	36	37
4	2	36	2	4	6	10	9	41	9	63	4
4	2	37	34	35	36	37	39
4	2	37	1	22	3	86	11
4	2	38	38
4	2	38	1
4	2	39	34	35	37	39
4	2	39	1	5	35	45
4	3	0	0
4	3	0	17
4	3	11	11	12
4	3	11	16	1
4	3	12	11	12	14
4	3	12	1	71	1
4	3	13	12	13
4	3	13	2	5
4	3	14	12	13	14	15	16
4	3	14	4	1	62	1	3
4	3	15	14	15	18
4	3	15	3	19	1
4	3	16	14	15	16	17	18
4	3	16	2	1	62	4	1
4	3	17	16	17	18	19
4	3	17	2	41	3	1
4	3	18	15	16	18	19	21	22
4	3	18	1	3	46	1	1	1
4	3	19	17	19
4	3	19	1	20
4	3	20	18	19	20	22
4	3	20	4	1	15	1
4	3	21	17	18	19	20	21	22	24
4	3	21	2	3	2	1	45	1	1
4	3	22	20	21	22	24
4	3	22	1	1	22	3
4	3	23	20	21	22	23	25
4	3	23	1	2	2	35	1
4	3	24	19	21	22	23	24	25
4	3	24	1	2	8	2	28	3
4	3	25	21	22	23	24	25	28
4	3	25	1	1	4	5	68	2
4	3	26	23	25	26	27	29	31
4	3	26	2	2	34	2	1	1
4	3	27	21	22	23	24	25	26	27	29
4	3	27	1	1	2	2	4	1	81	2
4	3	28	26	27	28	31
4	3	28	1	5	64	2
4	3	29	24	25	27	28	29
4	3	29	1	1	2	10	103
4	3	30	27	28	29	30	31	33
4	3	30	1	3	1	54	2	4
4	3	31	23	27	28	29	30	31
4	3	31	1	1	3	2	3	73
4	3	32	29	30	32	33	35
4	3	32	1	3	76	3	3
4	3	33	30	31	32	33	34	35
4	3	33	7	1	2	139	4	1
4	3	34	31	33	34	35	36
4	3	34	2	11	171	2	1
4	3	35	29	31	32	33	35
4	3	35	3	1	3	1	101
4	3	36	32	33	34	35	36	37	40
4	3	36	2	2	9	1	67	3	1
4	3	37	35	37
4	3	37	5	126
4	3	38	35
4	3	38	1
4	3	39	37	39
4	3	39	7	49
5	1	0	0
5	1	0	12
5	1	11	11
5	1	11	8
5	1	12	11	12	14
5	1	12	1	55	6
5	1	13	13
5	1	13	7
5	1	14	12	14	15	16
5	1	14	5	113	6	4
5	1	15	14	15	16	18
5	1	15	1	21	1	1
5	1	16	14	15	16	17	18
5	1	16	4	1	74	1	2
5	1	17	17	18
5	1	17	18	1
5	1	18	17	18	20
5	1	18	1	22	1
5	1	19	19	21
5	1	19	18	2
5	1	20	17	19	20	22	23
5	1	20	2	2	29	1	1
5	1	21	19	20	21	22	23	24	25
5	1	21	1	5	59	6	2	1	1
5	1	22	21	22	25	26	29
5	1	22	4	98	1	3	4
5	1	23	21	23	24	25	27
5	1	23	1	16	2	2	3
5	1	24	21	23	24	25	26	27	29
5	1	24	1	1	59	3	4	1	2
5	1	25	22	23	24	25	26	27
5	1	25	1	3	1	97	7	3
5	1	26	22	23	25	26	27	28	29	31
5	1	26	1	3	6	131	3	3	5	3
5	1	27	26	27	28	29	30	31	32	33
5	1	27	4	160	3	14	2	1	1	3
5	1	28	27	28	29	31
5	1	28	1	24	4	2
5	1	29	28	29	30	31	32
5	1	29	2	65	7	1	3
5	1	30	29	30	32	33
5	1	30	4	44	3	13
5	1	31	27	29	31
5	1	31	1	3	46
5	1	32	29	32	33
5	1	32	2	21	2
5	1	33	33
5	1	33	82
5	2	0	0
5	2	0	12
5	2	11	11
5	2	11	9
5	2	12	11	12	13	14
5	2	12	2	54	1	3
5	2	13	12	13	14
5	2	13	1	5	1
5	2	14	12	13	14	15	16
5	2	14	1	3	114	2	4
5	2	15	14	15	16
5	2	15	1	26	1
5	2	16	14	15	16	17	18
5	2	16	2	1	73	2	1
5	2	17	15	16	17	18
5	2	17	1	1	19	1
5	2	18	16	18	20
5	2	18	1	21	4
5	2	19	19	20	21	23
5	2	19	16	2	2	1
5	2	20	18	20	21	22
5	2	20	1	29	2	3
5	2	21	20	21	22	23	24	25	27	29
5	2	21	5	50	3	3	2	1	1	2
5	2	22	20	21	22	24	25	26	29
5	2	22	4	2	89	2	3	2	5
5	2	23	20	23	25	27	29	31
5	2	23	1	19	3	1	1	1
5	2	24	24	25	26	27	29
5	2	24	53	1	7	1	1
5	2	25	22	25	26	27	29	31
5	2	25	1	86	9	5	6	3
5	2	26	21	23	25	26	27	28	29	31	32
5	2	26	1	1	6	97	4	8	21	9	2
5	2	27	26	27	28	29	31	32	33
5	2	27	4	120	2	8	14	14	10
5	2	28	28	29	31	32
5	2	28	9	3	17	3
5	2	29	28	29	30	31	32	33
5	2	29	1	67	3	2	18	12
5	2	30	30	32	33
5	2	30	19	8	26
5	2	31	29	31
5	2	31	1	52
5	2	32	29	32	33
5	2	32	1	22	5
5	2	33	32	33
5	2	33	6	94
5	3	0	0
5	3	0	12
5	3	11	11
5	3	11	11
5	3	12	11	12	13	14
5	3	12	2	52	1	1
5	3	13	13
5	3	13	9
5	3	14	11	12	13	14	15	16
5	3	14	1	3	6	105	3	3
5	3	15	14	15	16	18
5	3	15	1	21	6	2
5	3	16	14	15	16	17
5	3	16	5	1	73	1
5	3	17	14	15	17
5	3	17	1	1	19
5	3	18	15	18	20	23
5	3	18	1	19	3	1
5	3	19	16	18	19	20
5	3	19	1	1	11	3
5	3	20	16	18	19	20	21	22	23
5	3	20	1	5	1	32	3	1	2
5	3	21	17	19	20	21	22	23
5	3	21	1	5	7	41	1	2
5	3	22	16	19	20	21	22	25
5	3	22	1	1	3	7	83	1
5	3	23	20	21	22	23	24	25
5	3	23	5	6	2	9	1	1
5	3	24	20	21	22	23	24
5	3	24	1	6	6	2	42
5	3	25	21	22	23	24	25	26	27
5	3	25	3	3	3	10	72	8	1
5	3	26	22	23	24	25	26	27
5	3	26	7	2	13	27	65	5
5	3	27	19	21	22	23	24	25	26	27	29
5	3	27	1	1	3	1	1	13	18	92	2
5	3	28	24	25	26	27	28
5	3	28	1	5	8	3	3
5	3	29	16	20	21	22	23	24	25	26	27	28	29	31	32
5	3	29	1	3	2	13	2	10	12	21	27	2	20	1	2
5	3	30	26	27	29	30
5	3	30	1	7	5	9
5	3	31	22	24	25	26	27	28	31
5	3	31	3	7	21	22	12	11	22
5	3	32	25	26	27	28	29	30	32	33
5	3	32	3	6	38	1	12	5	7	1
5	3	33	21	25	26	27	29	30	32	33
5	3	33	1	2	2	60	24	25	1	32
5	4	0	0
5	4	0	12
5	4	11	11	12	13
5	4	11	12	1	1
5	4	12	12	14
5	4	12	52	3
5	4	13	11	13
5	4	13	1	15
5	4	14	11	12	14
5	4	14	1	5	107
5	4	15	14	15
5	4	15	2	25
5	4	16	14	15	16	17
5	4	16	4	3	76	3
5	4	17	16	17
5	4	17	1	20
5	4	18	15	16	18	20
5	4	18	1	1	23	2
5	4	19	17	19	20	21
5	4	19	1	16	1	1
5	4	20	18	19	20	21	22
5	4	20	2	3	46	4	2
5	4	21	19	20	21	22	23	24
5	4	21	3	8	49	5	2	3
5	4	22	20	21	22
5	4	22	5	7	110
5	4	23	20	21	22	23	24	25
5	4	23	1	2	2	12	1	6
5	4	24	21	22	23	24	25
5	4	24	5	2	1	76	1
5	4	25	21	22	23	24	25	26
5	4	25	2	1	1	3	142	8
5	4	26	21	22	24	25	26	27
5	4	26	1	1	1	13	129	6
5	4	27	25	26	27	29
5	4	27	3	9	232	1
5	4	28	25	26	27	28
5	4	28	1	4	2	10
5	4	29	26	27	29	30
5	4	29	2	18	42	1
5	4	30	27	29	30
5	4	30	3	3	33
5	4	31	26	27	28	29	31
5	4	31	2	2	1	1	17
5	4	32	27	28	32	33
5	4	32	1	1	5	3
5	4	33	27	30	33
5	4	33	1	1	31
6	1	0	0
6	1	0	5
6	1	11	11	13
6	1	11	14	1
6	1	12	12	13	14
6	1	12	70	1	2
6	1	13	13	17
6	1	13	11	1
6	1	14	12	14	15	17	18
6	1	14	5	36	1	3	1
6	1	15	14	15	16
6	1	15	1	18	1
6	1	16	14	15	16	17	18	21
6	1	16	3	2	25	1	1	1
6	1	17	16	17	18
6	1	17	1	25	6
6	1	18	18	21	24
6	1	18	16	6	3
6	1	19	17	18	19
6	1	19	1	2	27
6	1	20	18	19	20
6	1	20	1	4	46
6	1	21	19	21	22	24
6	1	21	1	34	1	3
6	1	22	21	22	23	24	26	27
6	1	22	2	62	2	1	1	1
6	1	23	21	22	23	24	26	27	31
6	1	23	1	1	50	2	1	1	2
6	1	24	23	24	26	27
6	1	24	1	15	1	1
6	1	26	26	27	31
6	1	26	8	2	1
6	1	27	27
6	1	27	3
6	1	30	27	30
6	1	30	1	3
6	1	31	30	31
6	1	31	1	30
6	2	0	0
6	2	0	5
6	2	11	11
6	2	11	14
6	2	12	11	12	13	14
6	2	12	1	72	1	1
6	2	13	13	15
6	2	13	12	1
6	2	14	13	14	15	17
6	2	14	1	39	1	1
6	2	15	15	19
6	2	15	20	1
6	2	16	15	16	22
6	2	16	2	24	1
6	2	17	17	18	19	24	27
6	2	17	24	2	2	2	1
6	2	18	17	18	19	21	24
6	2	18	1	19	1	2	4
6	2	19	17	19	20	21	22	24
6	2	19	1	24	1	4	1	1
6	2	20	19	20	27	30
6	2	20	1	43	1	1
6	2	21	19	21	22	23	24	30
6	2	21	1	32	3	1	6	1
6	2	22	21	22	23	26	27	30	31
6	2	22	4	45	8	1	1	2	3
6	2	23	22	23	24	26	30	31
6	2	23	1	38	1	3	2	8
6	2	24	24	26	27	30	31
6	2	24	13	1	4	2	4
6	2	26	26	27	30	31
6	2	26	4	2	1	4
6	2	27	27	30
6	2	27	8	1
6	2	30	30
6	2	30	4
6	2	31	30	31
6	2	31	1	32
6	3	0	0
6	3	0	5
6	3	11	11	12
6	3	11	13	2
6	3	12	11	12	13	14
6	3	12	2	68	1	1
6	3	13	12	13
6	3	13	1	13
6	3	14	12	13	14
6	3	14	2	1	37
6	3	15	14	15
6	3	15	2	22
6	3	16	15	16	18
6	3	16	1	21	2
6	3	17	15	17	19
6	3	17	2	23	2
6	3	18	16	17	18	21
6	3	18	1	2	17	1
6	3	19	18	19	20	21
6	3	19	1	25	3	1
6	3	20	19	20
6	3	20	3	41
6	3	21	19	20	21	22	23
6	3	21	1	1	38	1	1
6	3	22	21	22
6	3	22	1	50
6	3	23	22	23	24
6	3	23	1	45	1
6	3	24	24
6	3	24	27
6	3	26	26
6	3	26	9
6	3	27	25	27	30
6	3	27	1	15	1
6	3	30	27	30	31
6	3	30	1	13	1
6	3	31	31
6	3	31	51
6	4	0	0
6	4	0	5
6	4	11	11
6	4	11	15
6	4	12	12	13	14
6	4	12	70	1	2
6	4	13	13	14
6	4	13	14	1
6	4	14	12	14	15	16
6	4	14	3	33	1	3
6	4	15	12	14	15	16
6	4	15	2	1	21	1
6	4	16	14	15	16
6	4	16	2	1	19
6	4	17	12	14	15	16	17
6	4	17	1	1	1	2	20
6	4	18	16	17	18	19	20
6	4	18	1	3	13	2	1
6	4	19	15	16	17	19	20
6	4	19	1	1	1	27	1
6	4	20	18	20
6	4	20	1	44
6	4	21	17	18	19	20	21	22
6	4	21	3	6	2	3	24	3
6	4	22	16	17	18	19	20	21	22	23
6	4	22	1	2	1	2	3	5	37	1
6	4	23	20	21	22	23
6	4	23	4	3	27	12
6	4	24	17	18	20	21	22	24
6	4	24	4	10	1	7	3	3
6	4	25	24
6	4	25	1
6	4	26	22	23	24	26
6	4	26	1	4	2	2
6	4	27	18	19	20	21	22	23	24
6	4	27	1	1	2	5	5	1	1
6	4	30	20	21	22	23	26	30
6	4	30	3	2	4	3	1	1
6	4	31	20	22	23	24	26	31
6	4	31	2	14	16	10	4	6
6	5	0	0
6	5	0	5
6	5	11	11
6	5	11	15
6	5	12	12	13	14
6	5	12	68	4	4
6	5	13	12	13	15
6	5	13	1	13	1
6	5	14	12	14	16
6	5	14	4	35	1
6	5	15	14	15	16	17
6	5	15	1	21	1	2
6	5	16	14	15	16	17
6	5	16	1	1	25	1
6	5	17	15	16	17	18
6	5	17	1	1	29	2
6	5	18	16	17	18
6	5	18	2	2	28
6	5	19	17	19	20
6	5	19	2	30	2
6	5	20	19	20
6	5	20	2	62
6	5	21	18	19	21	22
6	5	21	3	2	38	3
6	5	22	18	19	21	22
6	5	22	1	1	2	90
6	5	23	22	23
6	5	23	2	35
6	5	24	17	23	24
6	5	24	1	2	14
6	5	26	26
6	5	26	7
6	5	30	23
6	5	30	1
6	5	31	31
6	5	31	6
7	1	0	0
7	1	0	4
7	1	11	11
7	1	11	1
7	1	12	12
7	1	12	11
7	1	14	14
7	1	14	5
7	1	15	15
7	1	15	1
7	1	17	17
7	1	17	2
7	1	21	28
7	1	21	1
7	1	22	27
7	1	22	1
7	2	0	0
7	2	0	4
7	2	11	11
7	2	11	1
7	2	12	12
7	2	12	11
7	2	14	14
7	2	14	5
7	2	15	15
7	2	15	1
7	2	17	17
7	2	17	2
7	2	27	27
7	2	27	1
7	2	28	28
7	2	28	1
7	3	0	0
7	3	0	4
7	3	11	11
7	3	11	1
7	3	12	12
7	3	12	11
7	3	14	14	15
7	3	14	4	1
7	3	15	15
7	3	15	1
7	3	17	17
7	3	17	2
7	3	27	27
7	3	27	1
7	3	28	28
7	3	28	1
7	4	0	0
7	4	0	4
7	4	11	11
7	4	11	1
7	4	12	12
7	4	12	11
7	4	14	14
7	4	14	4
7	4	15	15
7	4	15	2
7	4	17	17
7	4	17	2
7	4	27	27
7	4	27	1
7	4	28	28
7	4	28	1
7	5	0	0
7	5	0	4
7	5	11	11
7	5	11	1
7	5	12	12
7	5	12	11
7	5	14	14
7	5	14	4
7	5	15	15	17
7	5	15	1	1
7	5	17	17
7	5	17	2
7	5	27	17
7	5	27	1
7	5	28	22
7	5	28	1
7	6	0	0
7	6	0	4
7	6	11	11
7	6	11	1
7	6	12	12
7	6	12	11
7	6	14	14
7	6	14	4
7	6	15	15
7	6	15	1
7	6	17	17
7	6	17	4
7	6	22	21
7	6	22	1
8	1	0	0
8	1	0	7
8	2	0	0
8	2	0	7
8	3	0	0
8	3	0	7
8	4	0	0
8	4	0	7
8	5	0	0
8	5	0	7
8	6	0	0
8	6	0	7
8	7	0	0
8	7	0	7
9	1	0	0
9	1	0	1
9	2	0	0
9	2	0	1
9	3	0	0
9	3	0	1
9	4	0	0
9	4	0	1
9	5	0	0
9	5	0	1
9	6	0	0
9	6	0	1
9	7	0	0
9	7	0	1
9	8	0	0
9	8	0	1
10	1	0	0
10	1	0	1
10	2	0	0
10	2	0	1
10	3	0	0
10	3	0	1
10	4	0	0
10	4	0	1
10	5	0	0
10	5	0	1
10	6	0	0
10	6	0	1
10	7	0	0
10	7	0	1
10	8	0	0
10	8	0	1
10	9	0	0
10	9	0	1
*this is the end of the profile