##454 read profile for ART 454 simulator
##homopolymer-length dependent quality score distribution of the 1st-base of homopolymer runs 
##FORMAT
##lenth_of_homopolymer	quality_score_1	quality_score_2 ... 
##lenth_of_homopolymer	freq_of_score_1	freq_of_score_2 ...
1	0	10	11	12	13	14	15	16	17	18	19	20	21	22	23	24	25	26	27	28	29	30	31	32	33	34	35	36	37	38	39	40
1	75	1	110	96	112	152	266	244	314	378	399	475	567	544	682	809	750	830	1104	857	1569	1278	949	1823	1727	2271	2398	1864	3008	2401	3756	57517
2	0	10	11	12	13	14	15	16	17	18	19	20	21	22	23	24	25	26	27	28	29	30	31	32	33	34	35	36	37	38	39	40
2	40	1	37	40	37	62	54	99	109	147	111	136	188	151	196	244	174	223	299	254	388	281	250	296	524	364	556	326	801	428	892	11850
3	0	11	12	13	14	15	16	17	18	19	20	21	22	23	24	25	26	27	28	29	30	31	32	33	34	35	36	37	38	39	40
3	21	28	46	41	59	61	93	81	125	97	137	112	129	99	100	88	184	225	105	177	55	153	214	223	147	155	92	395	156	263	3057
4	0	11	12	13	14	15	16	17	18	19	20	21	22	23	24	25	26	27	28	29	30	31	32	33	34	35	36	37	38	39
4	17	15	66	7	76	26	80	38	49	18	21	51	20	40	43	68	38	82	89	109	53	95	78	153	186	95	128	129	1	79
5	0	11	12	13	14	15	16	17	18	19	20	21	22	23	24	25	26	27	28	29	30	31	32	33
5	12	8	62	7	128	24	82	19	24	20	35	75	110	24	71	112	155	188	31	78	64	50	25	82
6	0	11	12	13	14	15	16	17	18	19	20	21	22	23	24	26	27	30	31
6	5	15	73	12	46	20	33	32	25	30	51	39	69	58	18	11	3	4	31
7	0	11	12	14	15	17	21	22
7	4	1	11	5	1	2	1	1
8	0
8	7
9	0
9	1
10	0
10	1
*this is the end of the profile