##454 read profile for ART 454 simulator
##the empirical transition distribution of the homopolymer-length dependent 1st order Markov model of quality scores
##FORMAT
##homopolymer_length	previous_base_position	previous_base_quality_score	next_base_quality_score_1	next_base_quality_score_2	...
##homopolymer_length	previous_base_position	previous_base_quality_score	freq_next_base_qual_score_1	freq_next_base_qual_score_2	...
2	1	7	7
2	1	7	32
2	1	8	7	8
2	1	8	2	7
2	1	9	8	13	15	18	23	28
2	1	9	354	6	47	2	1	1
2	1	10	8	9	10	15	18	20
2	1	10	9	188	35	58	6	10
2	1	11	7	9	10	13	15	16	17	18	20	21	22	23	28
2	1	11	3	3162	877	5	274	14	556	11	97	9	12	16	1
2	1	12	9	10	11	12	13	15	17	18	19	20	22	23	24	28
2	1	12	403	1100	872	24	5	138	153	88	36	23	33	65	2	4
2	1	13	8	10	11	12	13	14	15	17	18	19	20	21	22	23	24	25	26
2	1	13	9	4	6538	224	61	3	12	17	816	635	561	621	121	13	92	27	19
2	1	14	9	10	11	12	13	14	15	16	17	18	19	20	21	22	23	24	25	26	28	29	30	31	32	33
2	1	14	25	30	18862	386	289	18	12	168	16	56	209	2097	569	3341	144	212	477	109	21	7	7	1	1	2
2	1	15	8	9	10	11	12	13	14	15	16	17	18	19	20	21	22	23	24	25	26	27	28	29	30	31	32	36
2	1	15	52	207	22	6849	253	325	1132	273	26	499	48	306	73	170	12	52	732	580	298	3	37	72	7	3	5	1
2	1	16	10	11	12	13	14	15	16	17	18	19	20	21	22	23	24	25	26	27	28	29	30	31	32	33	34	35
2	1	16	10	10949	5707	57	1	4959	824	305	1103	41	144	597	1482	180	175	1651	1015	12	222	136	146	18	33	7	7	1
2	1	17	9	10	11	12	15	16	17	18	19	20	21	22	23	24	25	26	28	29	30	31	32	34
2	1	17	338	18	117	74	118	126	555	78	29	12	4	13	59	2	46	22	42	27	27	10	22	1
2	1	18	9	11	12	13	14	15	16	17	18	19	20	21	22	23	24	25	26	27	28	29	30	31	32	33	34	35
2	1	18	12	378	39	7	644	41	5684	857	615	676	827	51	1711	106	1457	190	176	90	105	65	40	25	12	18	3	1
2	1	19	11	12	13	14	15	16	17	18	19	20	21	22	23	24	25	26	27	28	29	30	31	32	33	34	35	36
2	1	19	718	191	18	1124	34	1	34262	2020	1426	2118	1839	1590	5379	7920	4149	704	804	296	240	283	197	21	27	4	1	1
2	1	20	9	10	11	12	13	14	15	16	17	18	19	20	21	22	23	24	25	26	27	28	29	30	33
2	1	20	1	40	292	58	19	12	7	5	112	139	239	1103	65	228	97	44	66	60	59	10	3	1	1
2	1	21	9	10	11	12	13	14	15	16	17	18	19	20	21	22	23	24	25	26	27	28	29	30	31	32	33
2	1	21	3	6	1858	32	16	15	1995	32	840	2702	470	2402	1874	1760	1014	415	896	467	79	114	212	18	9	8	17
2	1	22	9	10	11	12	13	14	15	16	17	18	19	20	21	22	23	24	25	26	27	28	29	30	31	32	33	35
2	1	22	40	246	883	110	53	84	1377	2132	482	5221	5722	2239	827	5735	379	1353	2840	1895	1184	1377	706	159	203	14	72	8
2	1	23	9	10	11	12	13	14	15	16	17	18	19	20	21	22	23	24	25	26	27	28	29	30	31	32	33	34	35	36
2	1	23	20	148	1820	75	31	225	78	557	3672	1349	6862	6962	1874	4419	3563	2165	986	3064	3098	1963	855	624	427	44	80	9	10	1
2	1	24	9	11	12	13	14	15	16	17	18	19	20	21	22	23	24	25	26	27	28	29	30	31	32	33	34	35	36	37	38
2	1	24	1	295	172	41	184	132	1114	12032	259	3301	38455	24160	3432	10832	8934	3722	7811	13712	5600	4273	4477	4067	1553	920	209	159	51	14	1
2	1	25	11	12	13	14	15	16	17	18	19	20	21	22	23	24	25	26	27	28	29	30	31	32	33	34	35	36	37	38
2	1	25	1225	51	64	101	28	277	2445	711	1133	3410	2921	2778	3481	3936	4361	2299	1488	1615	2146	1439	1977	259	137	41	51	42	1	2
2	1	26	11	12	13	14	15	16	17	18	19	20	21	22	23	24	25	26	27	28	29	30	31	32	33	34	35	36	37	38	40
2	1	26	1155	308	136	171	152	281	4774	1413	766	3692	3018	8394	9149	8914	7872	5711	2873	3925	4301	4459	4787	747	504	170	71	28	15	21	2
2	1	27	11	12	13	14	15	16	17	18	19	20	21	22	23	24	25	26	27	28	29	30	31	32	33	34	35	36	37	38	40
2	1	27	1028	583	18	6	17	189	140	633	393	1458	1512	1318	6042	3252	7408	6807	3602	3270	3517	4057	7013	2615	1406	681	324	88	85	23	26
2	1	28	8	10	11	12	13	14	15	16	17	18	19	20	21	22	23	24	25	26	27	28	29	30	31	32	33	34	35	36	37	38	40	42
2	1	28	2	63	270	133	58	20	113	130	882	1358	1289	1258	1351	735	2510	2154	5628	9262	5597	4130	3248	2095	2308	1168	867	332	201	93	79	1	43	1
2	1	29	11	12	13	14	15	16	17	18	19	20	21	22	23	24	25	26	27	28	29	30	31	32	33	34	35	36	37	40
2	1	29	590	426	175	40	67	452	789	1009	4108	7395	2753	911	1607	1495	3291	16829	15663	8886	4842	3089	2628	848	757	221	107	56	29	11
2	1	30	8	10	11	12	13	14	15	16	17	18	19	20	21	22	23	24	25	26	27	28	29	30	31	32	33	34	35	36	37	40
2	1	30	1	1	186	247	38	10	42	171	575	851	3032	4702	2349	1093	1416	1561	5550	9953	13691	17053	10873	6196	6093	1163	658	207	170	93	15	10
2	1	31	10	11	12	13	15	16	17	18	19	20	21	22	23	24	25	26	27	28	29	30	31	32	33	34	35	36	37	38	39	40
2	1	31	7	155	170	43	26	112	650	411	1046	9825	4592	1839	3214	2098	2674	9561	18024	45636	23785	18001	18476	3266	1958	684	297	130	82	55	1	34
2	1	32	10	11	12	13	14	15	16	17	18	19	20	21	22	23	24	25	26	27	28	29	30	31	32	33	34	35	36	37	38	39	40	43
2	1	32	1	54	92	4	3	1	49	260	183	481	2606	3287	1725	3245	1850	2342	4621	9622	25612	35651	38907	35388	9931	5284	2924	1225	492	275	32	1	88	1
2	1	33	11	12	13	14	15	16	17	18	19	20	21	22	23	24	25	26	27	28	29	30	31	32	33	34	35	36	37	38	39	40	42	45
2	1	33	15	4	7	3	9	53	192	162	358	2803	2836	2653	4780	2573	3115	4848	6661	22540	35185	83754	115202	20975	10848	5058	2187	1260	496	108	1	132	1	1
2	1	34	11	12	15	16	17	18	19	20	21	22	23	24	25	26	27	28	29	30	31	32	33	34	35	36	37	38	39	40	41	42	45
2	1	34	1	5	1	10	88	28	134	1045	733	994	2467	1783	2673	4907	3623	16003	17990	57776	170341	45373	24835	12159	6262	2273	993	251	4	345	2	3	3
2	1	35	16	17	18	19	20	21	22	23	24	25	26	27	28	29	30	31	32	33	34	35	36	37	38	39	40	42	43
2	1	35	9	11	5	125	369	562	146	354	211	572	930	989	2442	2976	10199	26848	13580	10906	5636	2725	1269	712	61	3	270	4	1
2	1	36	16	17	18	20	21	22	23	24	25	26	27	28	29	30	31	32	33	34	35	36	37	38	39	40
2	1	36	8	1	7	9	90	19	71	62	174	310	272	748	925	3656	9096	5231	4384	2280	1228	590	336	27	1	89
2	1	37	16	17	19	20	21	22	23	24	25	26	27	28	29	30	31	32	33	34	35	36	37	38	39	40	42
2	1	37	2	4	21	32	134	34	59	42	79	92	118	426	447	1352	2548	2114	1631	1066	503	218	266	1	1	38	1
2	1	38	16	18	20	21	22	23	24	25	26	27	28	29	30	31	32	33	34	35	36	37	38	40
2	1	38	1	1	1	8	1	27	14	74	100	75	281	327	1084	2425	1791	1370	784	377	150	103	15	83
2	1	39	20	21	23	24	25	26	27	28	29	30	31	32	33	34	35	36	37	40
2	1	39	1	1	11	13	38	67	77	152	246	687	1749	1145	1082	692	462	127	132	41
2	1	40	23	24	25	26	27	28	29	30	31	32	33	34	35	36	37	38	39	40
2	1	40	4	4	2	17	16	48	65	234	335	360	615	299	149	50	123	1	1	17
2	1	41	18	23	24	25	26	27	28	29	30	31	32	33	34	35	36	37	38	40
2	1	41	1	1	1	5	19	13	26	36	135	328	250	259	120	108	28	28	2	26
2	1	42	16	18	22	23	24	25	26	27	28	29	30	31	32	33	34	35	36	37	38	40	42
2	1	42	1	1	2	2	3	9	27	18	35	62	158	253	316	348	169	141	29	71	1	50	1
2	1	43	23	25	26	27	28	29	30	31	32	33	34	35	36	37	38	40	43
2	1	43	1	4	11	9	25	19	119	193	142	147	76	41	23	16	1	7	1
2	1	45	22	23	24	25	26	27	28	29	30	31	32	33	34	35	36	37	38	40
2	1	45	1	1	3	3	20	27	36	44	186	430	277	218	118	90	29	19	11	13
3	1	7	7	11
3	1	7	2	2
3	1	8	11	32
3	1	8	1	1
3	1	9	9	10	13	15
3	1	9	35	1	9	32
3	1	10	9	10	15	16	18	20	21
3	1	10	1	31	35	1	5	12	1
3	1	11	10	11	12	14	15	16	17	18	20	21	22	23	35
3	1	11	5	544	13	3	79	6	303	4	48	3	26	8	1
3	1	12	11	12	13	14	15	16	17	18	19	20	22	23	24	28	31	34
3	1	12	15	352	11	6	1	30	60	46	27	4	31	24	3	14	2	1
3	1	13	12	13	14	15	16	17	18	19	20	21	22	23	24	25	26	28	30	33
3	1	13	24	1674	76	51	1	4	89	252	253	336	74	8	39	17	10	1	1	1
3	1	14	11	12	13	14	15	16	17	18	19	20	21	22	23	24	25	26	27	28	29	30	31	32	33	34
3	1	14	1	8	83	4757	48	169	7	11	20	50	573	422	1574	107	198	61	9	25	32	17	7	2	2	3
3	1	15	13	14	15	16	17	18	19	20	21	22	23	24	25	26	27	28	29	30	31	32	33	36
3	1	15	64	63	2311	29	60	154	215	6	50	18	28	93	131	135	50	64	96	96	37	3	1	1
3	1	16	14	15	16	17	18	19	20	21	22	23	24	25	26	27	28	29	30	31	32	33	34	35	36	41	42
3	1	16	275	37	6971	19	28	16	8	824	776	138	52	242	281	218	102	407	110	95	48	28	4	3	4	2	1
3	1	17	16	17	18	19	20	21	22	23	24	26	27	28	29	30	31	32	33	34	35	37
3	1	17	28	336	35	17	3	2	15	16	1	1	3	5	33	14	21	6	4	1	1	1
3	1	18	13	15	16	17	18	19	20	21	22	23	24	25	26	27	28	29	30	31	32	33	34	35	36	37	38	41	42	43
3	1	18	1	131	9	9	5242	306	175	26	913	189	745	26	92	39	25	58	102	24	25	20	4	2	3	1	1	1	1	1
3	1	19	15	16	17	18	19	20	21	22	23	24	25	26	27	28	29	30	31	32	33	34	35	37
3	1	19	40	7	11	171	26405	120	218	115	1435	3847	1056	3247	21	427	381	117	171	226	112	46	10	2
3	1	20	15	18	19	20	21	22	23	24	25	26	27	28	29	30	31	32	33	34
3	1	20	6	47	39	421	49	117	13	18	34	38	12	49	10	1	3	2	2	5
3	1	21	15	16	17	18	19	20	21	22	23	24	25	26	27	28	29	30	31	32	33	34
3	1	21	2	409	3	7	45	48	3774	1033	628	330	137	242	57	168	192	130	27	13	16	2
3	1	22	15	16	17	18	19	20	21	22	23	24	25	26	27	28	29	30	31	32	33	34	35	37
3	1	22	6	84	22	470	118	74	464	14461	628	753	672	459	304	511	710	898	186	135	157	27	13	8
3	1	23	11	15	17	18	19	20	21	22	23	24	25	26	27	28	29	30	31	32	33	34	35	36	37	38
3	1	23	1	2	15	133	1163	6	182	588	17544	1503	639	1288	138	552	982	917	434	315	221	328	131	12	5	1
3	1	24	16	18	19	20	21	22	23	24	25	26	27	28	29	30	31	32	33	34	35	36	37	38	39	40
3	1	24	9	10	2745	9	173	226	1456	70444	828	3741	1252	1337	2921	1576	4141	2108	2291	746	738	51	33	3	4	1
3	1	25	16	18	19	20	21	22	23	24	25	26	27	28	29	30	31	32	33	34	35	36	37	38	39	41	42	45
3	1	25	4	19	163	24	85	654	461	424	6638	1410	242	412	362	535	436	417	822	711	212	63	37	4	17	1	2	1
3	1	26	18	19	20	21	22	23	24	25	26	27	28	29	30	31	32	33	34	35	36	37	38	39	40	41	42	43	45
3	1	26	8	142	23	133	332	674	2298	752	13700	1421	595	818	769	1178	1337	2253	1438	326	109	36	24	30	6	7	11	9	3
3	1	27	19	20	21	22	23	24	25	26	27	28	29	30	31	32	33	34	35	36	37	38	39	40	41	42	43	45
3	1	27	19	3	36	77	84	1283	138	1368	6603	792	699	678	759	924	2151	2511	787	295	61	165	146	31	20	35	21	35
3	1	28	17	19	20	21	22	23	24	25	26	27	28	29	30	31	32	33	34	35	36	37	38	39	40	41	42	43	45
3	1	28	1	9	2	28	74	323	821	304	606	470	7301	1525	1428	1396	1139	943	942	399	139	48	71	86	26	16	76	17	20
3	1	29	17	19	20	21	22	23	24	25	26	27	28	29	30	31	32	33	34	35	36	37	38	39	40	41	42	43	45
3	1	29	1	2	2	9	102	111	337	167	517	352	1167	15366	3343	4650	1715	1630	666	421	99	33	18	30	21	9	34	6	13
3	1	30	19	20	21	22	23	24	25	26	27	28	29	30	31	32	33	34	35	36	37	38	39	40	41	42	43	45
3	1	30	1	1	19	45	82	266	188	481	288	1109	2517	15027	3812	3024	3453	2189	640	186	43	32	18	7	9	38	18	8
3	1	31	22	23	24	25	26	27	28	29	30	31	32	33	34	35	36	37	38	39	40	41	42	43	45
3	1	31	11	26	125	95	454	127	1060	2806	2915	28730	8748	8271	5948	1526	479	149	177	100	23	33	43	35	32
3	1	32	19	21	22	23	24	25	26	27	28	29	30	31	32	33	34	35	36	37	38	39	40	41	42	43	45
3	1	32	1	4	5	5	59	45	289	50	434	699	1726	5544	26969	13103	11034	3267	1247	314	498	644	133	73	209	67	116
3	1	33	22	23	24	25	26	27	28	29	30	31	32	33	34	35	36	37	38	39	40	41	42	43	45
3	1	33	3	1	50	17	205	26	195	322	1131	2542	7062	57574	30980	7196	2836	550	954	1046	238	107	287	146	261
3	1	34	23	24	25	26	27	28	29	30	31	32	33	34	35	36	37	38	39	40	41	42	43	45
3	1	34	4	3	3	70	3	27	48	188	510	1533	13836	76224	16554	6932	1536	2482	3293	618	351	696	337	711
3	1	35	23	24	25	26	28	29	30	31	32	33	34	35	36	37	38	39	40	41	42	43	45
3	1	35	2	1	1	12	1	23	33	102	198	2046	8748	8733	2495	695	896	1129	391	204	622	218	272
3	1	36	25	28	29	30	31	32	33	34	35	36	37	38	39	40	41	42	43	45
3	1	36	1	2	9	11	19	89	523	2870	2030	2208	263	377	433	189	114	347	83	141
3	1	37	26	29	30	31	32	33	34	35	36	37	38	39	40	41	42	43	45
3	1	37	2	6	11	42	36	226	976	688	370	583	133	154	68	41	104	37	42
3	1	38	29	31	32	33	34	35	36	37	38	39	40	41	42	43	45
3	1	38	2	9	36	213	939	579	334	66	477	129	36	44	62	35	61
3	1	39	29	30	32	33	34	35	36	37	38	39	40	41	42	43	45
3	1	39	1	1	4	69	400	446	152	48	108	531	80	24	98	18	43
3	1	40	30	33	34	35	36	37	38	39	40	41	42	43	45
3	1	40	1	15	79	108	119	39	21	65	166	7	48	10	23
3	1	41	31	33	34	35	36	37	38	39	40	41	42	43	45
3	1	41	1	2	85	68	45	7	36	19	11	42	22	26	6
3	1	42	31	33	34	35	36	37	38	39	40	41	42	43	45
3	1	42	1	15	63	80	59	2	16	18	8	22	226	16	9
3	1	43	31	33	34	35	36	37	38	39	40	41	42	43	45
3	1	43	2	3	49	42	56	13	44	12	9	13	25	12	8
3	1	45	33	34	35	36	37	38	39	40	41	42	43	45
3	1	45	9	88	65	73	14	54	50	24	5	21	11	31
3	2	7	5	7
3	2	7	1	1
3	2	9	8
3	2	9	36
3	2	10	8	9	10	11
3	2	10	1	33	2	1
3	2	11	7	9	10	11
3	2	11	2	491	70	1
3	2	12	9	10	11	12
3	2	12	31	357	5	4
3	2	13	8	10	11	12	13	14	18
3	2	13	9	1735	65	24	7	1	1
3	2	14	9	10	11	12	13	14	16
3	2	14	17	4348	719	48	23	2	23
3	2	15	8	9	10	11	12	13	14	15	16	18	19	20	23
3	2	15	29	84	1114	1271	37	23	1	151	49	10	1	4	7
3	2	16	10	11	12	13	15	16	18	19	20	21
3	2	16	580	5670	1145	32	74	234	13	3	4	2
3	2	17	9	10	11	12	15	16	17	18	19	21	22	23
3	2	17	235	38	10	9	397	8	83	20	6	3	2	40
3	2	18	10	11	12	13	14	15	16	17	18	19	20	21	22	23
3	2	18	380	4875	68	4	143	495	133	38	127	39	147	24	4	2
3	2	19	10	11	12	13	14	15	16	17	18	19	20	21	22	23	24	25	26
3	2	19	569	772	26339	5	11	1617	813	393	83	325	54	529	85	68	23	15	4
3	2	20	9	10	11	12	13	14	15	16	17	18	19	20	21	22	24	25
3	2	20	1	211	10	22	12	1	138	48	158	265	72	233	45	72	3	1
3	2	21	9	10	11	12	13	15	16	17	18	19	20	21	22	23	24	25	26	27
3	2	21	1	699	1086	869	137	160	318	1188	267	203	1030	646	23	328	8	15	10	1
3	2	22	9	10	11	12	13	14	15	16	17	18	19	20	21	22	23	24	25	26	27	28	29	30
3	2	22	2	317	2344	2042	8038	1052	169	457	1321	93	76	1285	1380	824	131	149	283	141	9	3	1	1
3	2	23	9	10	11	12	13	14	15	16	17	18	19	20	21	22	23	24	25	26	27
3	2	23	9	1185	745	1966	5	4531	9132	1070	272	47	392	3898	574	155	891	105	368	98	19
3	2	24	10	11	12	13	14	15	16	17	18	19	20	21	22	23	24	25	26	27	28	29	30	32	33
3	2	24	27	873	7855	44	57	20968	37253	429	130	521	3372	4584	1551	2753	1411	1350	279	105	30	7	1	1	1
3	2	25	10	11	12	13	14	15	16	17	18	19	20	21	22	23	24	25	26	27	28	29	30	34
3	2	25	64	353	1036	396	220	172	203	28	23	560	1956	3694	725	1170	259	1049	322	25	43	28	2	1
3	2	26	10	11	12	13	14	15	16	17	18	19	20	21	22	23	24	25	26	27	28	29	30	31	32	33
3	2	26	31	455	3052	91	76	1366	874	223	75	437	1367	4693	3835	3648	2195	3958	1471	270	170	147	220	45	3	7
3	2	27	10	11	12	13	14	15	16	17	18	19	20	21	22	23	24	25	26	27	28	29	30	31
3	2	27	1	362	245	82	130	66	968	81	20	125	117	1631	750	2579	813	1748	1443	457	32	33	1	1
3	2	28	8	10	11	12	13	14	15	16	17	18	19	20	21	22	23	24	25	26	27	28	29	30	31	32	33	34
3	2	28	1	41	114	657	469	1	370	149	17	24	245	1005	2670	838	334	2248	3945	1205	1461	447	85	26	14	6	2	1
3	2	29	10	11	12	13	14	15	16	17	18	19	20	21	22	23	24	25	26	27	28	29	30	31	32	33	34	36
3	2	29	2	371	491	520	471	1748	1799	70	31	50	376	1623	826	2692	6128	8199	1184	3574	343	322	135	29	24	13	3	1
3	2	30	11	12	13	14	15	16	17	18	19	20	21	22	23	24	25	26	27	28	29	30	31	32	33	34
3	2	30	176	328	739	395	1210	686	45	26	77	473	1747	609	2062	5304	7486	2055	5440	1304	1233	280	46	13	39	3
3	2	31	10	11	12	13	14	15	16	17	18	19	20	21	22	23	24	25	26	27	28	29	30	31	32	33	34	36	37
3	2	31	1	65	235	94	23	1650	2768	3	40	37	294	844	694	953	4100	11351	2293	20989	2433	4063	1082	581	201	64	20	2	1
3	2	32	10	11	12	13	14	15	16	17	18	19	20	21	22	23	24	25	26	27	28	29	30	31	32	33	34	35	36
3	2	32	1	42	199	57	78	408	1128	2	4	52	259	1014	823	967	2033	6099	1653	18488	6312	8278	4772	1874	1099	425	42	3	3
3	2	33	11	12	13	14	15	16	17	18	19	20	21	22	23	24	25	26	27	28	29	30	31	32	33	34	35	36	37
3	2	33	11	76	85	63	591	1115	8	6	54	401	1082	974	2041	2501	5863	1574	14947	14899	34775	14264	7609	4136	2044	767	34	90	2
3	2	34	10	12	13	14	15	16	17	18	19	20	21	22	23	24	25	26	27	28	29	30	31	32	33	34	35	36	37	45
3	2	34	1	25	5	8	439	254	1	2	22	161	347	519	1170	1546	2663	2246	8861	8303	44363	22484	29978	15422	6226	2610	381	39	30	1
3	2	35	12	13	14	15	16	18	19	20	21	22	23	24	25	26	27	28	29	30	31	32	33	34	35	36	37
3	2	35	2	1	120	94	581	5	1	23	75	107	317	480	1071	534	1892	1677	8504	6825	10304	6604	3758	1399	500	131	61
3	2	36	13	16	18	20	21	22	23	24	25	26	27	28	29	30	31	32	33	34	35	36	37	38
3	2	36	2	40	2	2	4	9	69	57	232	285	393	692	3796	2677	4300	2772	1696	873	311	129	24	2
3	2	37	12	13	15	16	20	21	22	23	24	25	26	27	28	29	30	31	32	33	34	35	36	37	39
3	2	37	3	4	8	25	1	18	10	29	41	129	20	160	90	669	603	937	659	733	203	92	85	67	1
3	2	38	18	23	24	25	26	27	28	29	30	31	32	33	34	35	36	38	39	41
3	2	38	5	4	15	73	71	161	173	907	1071	1766	1189	711	331	101	9	3	1	1
3	2	39	16	21	22	23	24	25	26	27	28	29	30	31	32	33	34	35	36	37	45
3	2	39	1	3	3	2	27	23	150	194	167	1052	1041	2025	1250	1204	512	239	29	31	1
3	2	40	23	24	25	26	27	28	29	30	31	32	33	34	35	36	37	42
3	2	40	2	2	2	17	38	36	200	209	377	314	576	168	73	21	50	1
3	2	41	21	22	23	24	25	26	27	28	29	30	31	32	33	34	35	36	37	41
3	2	41	1	1	2	3	8	6	10	27	87	122	296	188	216	85	77	14	1	1
3	2	42	16	21	22	23	24	25	26	27	28	29	30	31	32	33	34	35	36	37	41
3	2	42	3	1	3	3	10	11	10	62	56	184	386	489	526	632	286	311	21	13	1
3	2	43	16	23	24	25	26	27	28	29	30	31	32	33	34	35	36	37	42	45
3	2	43	2	2	6	17	2	12	55	128	132	243	193	194	77	43	13	2	1	1
3	2	45	23	24	25	26	27	28	29	30	31	32	33	34	35	36	37	45
3	2	45	1	5	16	18	26	38	201	218	489	343	241	169	54	5	11	1
4	1	9	9	13	15
4	1	9	11	2	4
4	1	10	10	11	15	20
4	1	10	4	1	8	1
4	1	11	11	12	15	16	17	20	22
4	1	11	182	6	24	1	73	4	7
4	1	12	11	12	13	14	15	16	17	18	19	22	23	28
4	1	12	6	135	9	1	2	4	14	16	3	9	4	9
4	1	13	12	13	14	15	17	18	19	20	21	22	23	24	25	26
4	1	13	6	633	22	26	3	29	86	61	70	21	2	7	2	1
4	1	14	13	14	15	16	17	18	19	20	21	22	23	24	25	26	27	28	29	30
4	1	14	28	1901	24	77	6	2	3	15	153	111	368	17	50	23	1	10	11	8
4	1	15	13	14	15	16	17	18	19	20	21	22	23	24	25	26	27	28	29	30	31
4	1	15	21	19	976	13	17	62	48	1	9	3	9	25	40	30	23	11	25	9	5
4	1	16	14	15	16	17	18	19	20	21	22	23	24	25	26	27	28	29	30	31	32	33	34	36
4	1	16	95	11	3191	8	3	2	3	292	232	61	9	69	82	70	29	107	29	44	19	6	1	1
4	1	17	14	16	17	18	19	22	23	24	27	28	29	30	31	32	33
4	1	17	1	6	74	4	6	2	13	1	2	1	13	3	1	3	2
4	1	18	15	17	18	19	20	21	22	23	24	25	26	27	28	29	30	31	32	33	34	35
4	1	18	45	1	2251	129	37	9	308	59	207	7	17	9	9	19	12	13	2	3	1	2
4	1	19	15	16	17	18	19	20	21	22	23	24	25	26	27	28	29	30	31	32	33	34	35
4	1	19	4	4	1	73	14056	35	54	27	611	1468	315	816	3	116	83	26	46	59	19	12	6
4	1	20	17	18	19	20	21	22	23	24	25	26	27	28	29	32
4	1	20	1	14	10	100	12	28	5	2	7	11	2	15	4	2
4	1	21	15	16	18	19	20	21	22	23	24	25	26	27	28	29	30	31	32	33	34
4	1	21	1	137	1	25	7	1415	343	174	79	31	82	21	35	38	24	7	8	3	2
4	1	22	15	16	17	18	19	20	21	22	23	24	25	26	27	28	29	30	31	32	33	34	35	37
4	1	22	1	42	10	186	24	24	221	7152	241	152	153	83	95	141	186	179	41	22	29	2	2	1
4	1	23	15	17	18	19	20	21	22	23	24	25	26	27	28	29	30	31	32	33	34	35	36	37	38
4	1	23	1	7	59	598	3	53	243	9102	706	193	312	30	166	317	263	93	72	63	99	27	4	2	1
4	1	24	16	19	20	21	22	23	24	25	26	27	28	29	30	31	32	33	34	35	36	37	39	45
4	1	24	3	1434	1	50	51	776	38545	221	821	276	397	1022	514	1337	552	575	185	156	16	20	1	1
4	1	25	19	20	21	22	23	24	25	26	27	28	29	30	31	32	33	34	35	36	37	38	39	40	41
4	1	25	34	7	17	159	142	94	1478	337	46	102	69	139	105	114	198	202	82	16	14	1	3	1	1
4	1	26	18	19	20	21	22	23	24	25	26	27	28	29	30	31	32	33	34	35	36	37	38	39	40	41	42	43	45
4	1	26	1	31	5	39	76	160	478	177	2805	204	173	219	175	308	320	604	361	97	33	10	7	7	3	2	1	2	1
4	1	27	19	20	21	22	23	24	25	26	27	28	29	30	31	32	33	34	35	36	37	38	39	40	41	42	43	45
4	1	27	6	2	10	35	13	244	41	229	1217	168	154	143	199	243	630	711	214	77	13	51	53	5	4	5	2	12
4	1	28	19	21	22	23	24	25	26	27	28	29	30	31	32	33	34	35	36	37	38	39	40	41	42	43	45
4	1	28	1	7	12	108	318	98	167	107	2697	504	383	443	301	249	279	102	46	11	20	22	12	4	29	4	9
4	1	29	19	21	22	23	24	25	26	27	28	29	30	31	32	33	34	35	36	37	38	39	40	41	42	43	45
4	1	29	1	3	21	37	107	33	129	87	413	5454	994	1439	459	335	154	71	17	9	10	12	10	1	10	1	3
4	1	30	21	22	23	24	25	26	27	28	29	30	31	32	33	34	35	36	37	38	39	41	42	43	45
4	1	30	9	12	21	82	44	131	104	383	752	4174	897	790	836	564	152	52	16	10	18	3	11	6	1
4	1	31	22	23	24	25	26	27	28	29	30	31	32	33	34	35	36	37	38	39	40	41	42	43	45
4	1	31	6	10	44	20	112	26	375	869	685	7640	2302	1882	1373	335	99	42	34	40	7	10	14	13	9
4	1	32	22	23	24	25	26	27	28	29	30	31	32	33	34	35	36	37	38	39	40	41	42	43	45
4	1	32	1	1	12	16	61	14	145	196	489	1384	6463	3117	2758	805	354	91	123	179	35	26	75	18	34
4	1	33	20	22	24	25	26	27	28	29	30	31	32	33	34	35	36	37	38	39	40	41	42	43	45
4	1	33	1	1	5	5	36	8	60	90	290	683	1798	13277	7471	1767	674	149	219	239	60	26	84	44	62
4	1	34	25	26	27	28	29	30	31	32	33	34	35	36	37	38	39	40	41	42	43	45
4	1	34	3	6	3	8	14	73	135	394	3261	17668	3843	1515	376	524	690	137	87	167	79	149
4	1	35	24	25	26	29	30	31	32	33	34	35	36	37	38	39	40	41	42	43	45
4	1	35	3	1	5	3	11	15	37	507	2055	1967	555	193	186	259	104	41	149	39	53
4	1	36	26	28	29	30	31	32	33	34	35	36	37	38	39	40	41	42	43	45
4	1	36	1	1	2	1	7	17	118	692	500	505	66	67	80	49	23	59	19	30
4	1	37	28	29	30	31	32	33	34	35	36	37	38	39	40	41	42	43	45
4	1	37	1	1	4	15	6	58	249	195	95	164	32	32	20	16	13	2	8
4	1	38	29	31	32	33	34	35	36	37	38	39	40	41	42	43	45
4	1	38	1	3	6	43	207	127	72	14	103	22	17	13	20	7	6
4	1	39	30	31	32	33	34	35	36	37	38	39	40	41	42	43	45
4	1	39	1	2	1	18	80	88	41	14	12	99	17	4	22	2	3
4	1	40	33	34	35	36	37	38	39	40	41	42	43	45
4	1	40	5	17	37	31	10	4	14	50	1	10	3	2
4	1	41	29	30	32	33	34	35	36	38	39	41	42	43	45
4	1	41	1	1	1	1	18	13	20	9	5	10	8	4	2
4	1	42	30	33	34	35	36	37	38	39	40	41	42	43	45
4	1	42	2	3	16	17	12	2	9	1	4	5	50	4	4
4	1	43	34	35	36	37	38	39	41	42	43	45
4	1	43	6	6	5	1	5	1	1	5	4	4
4	1	45	33	34	35	36	38	39	40	41	42	45
4	1	45	1	20	19	15	10	5	4	1	3	4
4	2	9	9
4	2	9	11
4	2	10	10
4	2	10	4
4	2	11	11
4	2	11	189
4	2	12	11	12	13
4	2	12	1	144	2
4	2	13	12	13	14	15
4	2	13	4	659	24	6
4	2	14	13	14	15	16
4	2	14	9	1974	19	37
4	2	15	13	14	15	16	18	19	20	23
4	2	15	7	9	1071	6	31	1	1	1
4	2	16	14	15	16	17	18	19	21
4	2	16	24	3	3313	3	1	4	130
4	2	17	16	17	18	19	21	22	23	24
4	2	17	5	178	3	9	2	2	15	1
4	2	18	15	16	17	18	19	20	21	22	23	24	25
4	2	18	22	1	2	2479	73	11	1	97	13	1	1
4	2	19	16	17	18	19	20	21	22	23	24	25	26	28	29	32
4	2	19	3	4	31	15729	14	17	23	223	400	27	22	2	1	1
4	2	20	17	18	19	20	21	22	23	24	25	26	28
4	2	20	1	15	7	202	14	54	4	1	3	5	1
4	2	21	16	17	19	20	21	22	23	24	25	26	27	28	29	30
4	2	21	59	1	11	12	2003	141	66	70	14	38	4	2	1	1
4	2	22	16	17	18	19	20	21	22	23	24	25	26	27	28	29	30	31	32
4	2	22	2	4	81	20	23	85	8171	101	53	119	99	18	16	47	15	5	1
4	2	23	15	17	18	19	21	22	23	24	25	26	27	28	29	30	32	35
4	2	23	1	6	6	194	43	86	10849	291	176	150	16	86	7	4	1	1
4	2	24	16	19	20	21	22	23	24	25	26	27	28	29	30	31	32	33	34
4	2	24	1	372	1	51	42	261	40636	46	488	270	275	68	63	14	10	6	1
4	2	25	18	19	20	21	22	23	24	25	26	27	28	29	30	31	32	33	35	36
4	2	25	3	41	4	15	143	174	47	2201	144	27	102	24	52	13	9	3	1	1
4	2	26	19	20	21	22	23	24	25	26	27	28	29	30	31	32	33	34	35
4	2	26	8	1	17	100	157	410	116	4636	140	88	140	117	133	154	71	4	5
4	2	27	21	22	23	24	25	26	27	28	29	30	31	32	33
4	2	27	7	15	16	211	24	131	1663	65	92	63	36	12	13
4	2	28	19	20	22	23	24	25	26	27	28	29	30	31	32	33	34	35
4	2	28	2	1	5	103	289	98	70	71	3872	297	307	208	86	40	15	1
4	2	29	21	22	23	24	25	26	27	28	29	30	31	32	33	34	35	36	40	42
4	2	29	1	35	9	47	23	118	63	301	7723	598	901	236	80	13	2	2	1	1
4	2	30	21	22	23	24	25	26	27	28	29	30	31	32	33	34	35	36	38
4	2	30	4	6	6	67	57	109	67	396	554	5921	568	463	346	45	17	2	4
4	2	31	22	23	24	25	26	27	28	29	30	31	32	33	34	35	36	37	38	41
4	2	31	7	2	10	9	154	26	228	938	577	10587	1357	795	122	29	7	10	2	2
4	2	32	22	23	24	25	26	27	28	29	30	31	32	33	34	35	36	37	38	39	42
4	2	32	2	1	5	8	160	6	119	263	527	1296	9058	1972	481	61	17	6	6	2	1
4	2	33	22	24	25	26	27	28	29	30	31	32	33	34	35	36	37	38	39	40	42
4	2	33	2	3	5	60	14	35	72	387	1022	1895	17267	4036	759	144	52	35	36	5	14
4	2	34	22	26	27	28	29	30	31	32	33	34	35	36	37	38	39	40	41	42	43	45
4	2	34	1	12	1	16	16	42	147	484	3971	25427	3145	876	324	255	229	59	38	43	44	73
4	2	35	25	26	29	30	31	32	33	34	35	36	37	38	39	40	41	42	43	45
4	2	35	1	1	5	2	22	57	775	3191	4529	889	208	260	389	74	29	98	34	66
4	2	36	25	29	30	31	32	33	34	35	36	37	38	39	40	41	42	43	45
4	2	36	1	2	7	8	14	176	880	922	1574	101	193	102	68	46	49	50	62
4	2	37	26	29	30	31	32	33	34	35	36	37	38	39	40	41	42	43	45
4	2	37	4	3	1	28	6	43	357	230	107	368	16	18	21	3	1	3	9
4	2	38	29	30	31	32	33	34	35	36	37	38	39	40	41	42	43	45
4	2	38	3	3	3	7	41	269	251	201	14	413	68	38	41	7	37	41
4	2	39	32	33	34	35	36	37	38	39	40	41	42	43	45
4	2	39	1	41	264	404	122	18	59	749	58	5	11	1	49
4	2	40	29	33	34	35	36	37	38	39	40	41	42	43	45
4	2	40	1	4	64	75	78	16	46	71	144	5	10	3	18
4	2	41	32	34	35	36	37	38	40	41	42	43	45
4	2	41	1	54	26	38	6	32	7	61	21	27	6
4	2	42	30	31	33	34	35	36	38	39	40	41	42	43	45
4	2	42	1	1	15	64	98	51	9	16	9	27	371	40	33
4	2	43	30	31	33	34	35	36	37	38	39	40	41	42	43	45
4	2	43	1	2	1	28	42	42	5	35	4	5	16	25	33	14
4	2	45	34	35	36	37	38	39	40	41	42	43	45
4	2	45	77	69	56	11	39	52	19	6	26	13	29
4	3	9	8
4	3	9	11
4	3	10	9
4	3	10	4
4	3	11	9
4	3	11	190
4	3	12	9
4	3	12	148
4	3	13	8	9	10	12	13
4	3	13	2	650	20	4	1
4	3	14	9	10	12	13	16
4	3	14	1728	285	7	2	9
4	3	15	8	9	10	11	12	13	15
4	3	15	6	91	951	5	12	8	49
4	3	16	9	10	11	12	13	16	19	21
4	3	16	281	1164	1859	61	45	13	3	1
4	3	17	9	11	12	13	15	16	19	21	23
4	3	17	57	2	2	16	108	3	3	5	3
4	3	18	9	10	11	12	13	15	19	20	21	22
4	3	18	25	218	1985	128	183	90	11	6	2	2
4	3	19	9	10	11	12	13	14	15	16	19	20	21	23	24	26
4	3	19	73	337	11954	2500	102	1038	241	128	66	19	8	1	3	1
4	3	20	9	10	12	13	14	15	16	19	20	21	22	25
4	3	20	42	3	7	40	1	74	7	24	59	9	3	1
4	3	21	9	10	11	12	13	15	16	17	19	20	21	24
4	3	21	178	8	452	516	169	370	23	415	49	107	102	1
4	3	22	9	10	11	12	13	14	15	16	17	19	20	21	22	23	24	25	26
4	3	22	81	26	942	1542	4748	5	266	24	687	175	198	74	133	24	2	4	1
4	3	23	9	10	11	12	13	14	15	16	17	19	20	21	22	23	25	26
4	3	23	328	39	1357	1821	5270	1203	589	102	574	254	189	162	4	106	2	1
4	3	24	9	10	11	12	13	14	15	16	17	19	20	21	22	23	24	26	28	29	30
4	3	24	6	71	4916	3650	93	29425	99	639	1812	1012	322	328	25	24	116	1	1	1	1
4	3	25	9	10	11	12	13	14	15	16	17	19	20	21	22	23	24	25	26	28	30
4	3	25	16	85	242	84	142	28	207	503	445	588	194	325	18	5	7	36	1	2	1
4	3	26	9	10	11	12	13	14	15	16	17	19	20	21	22	23	24	25	26
4	3	26	6	114	736	244	108	288	305	629	1144	1547	526	514	33	121	13	20	53
4	3	27	10	11	12	13	14	15	16	17	19	20	21	22	23	24	27	29
4	3	27	141	16	60	57	166	80	292	399	720	282	83	68	2	3	16	1
4	3	28	9	10	11	12	13	14	15	16	17	19	20	21	22	23	24	25	26	28	30
4	3	28	21	34	87	172	157	49	106	369	1195	984	447	1702	108	72	73	5	2	20	1
4	3	29	10	11	12	13	14	15	16	17	19	20	21	22	23	24	25	28	29	30	31	32
4	3	29	129	96	189	452	922	123	288	1491	4005	570	1275	328	234	107	3	2	30	3	6	4
4	3	30	9	10	11	12	13	14	15	16	17	19	20	21	22	23	24	25	26	28	29	30	31	32	33	34
4	3	30	1	58	25	221	468	308	41	212	1186	1627	1828	1348	656	439	227	4	2	1	6	21	5	3	1	1
4	3	31	9	10	11	12	13	14	15	16	17	19	20	21	22	23	24	25	29	30	31	32	33
4	3	31	1	34	28	115	95	1358	49	202	382	3670	1015	4032	1832	1752	355	37	4	2	20	10	1
4	3	32	10	11	12	13	14	15	16	17	18	19	20	21	22	23	24	25	26	28	30	31	32	33	34
4	3	32	22	37	67	28	435	56	189	271	2	1702	888	2535	3540	2214	1558	264	2	2	3	7	23	4	4
4	3	33	10	11	12	13	14	15	16	17	18	19	20	21	22	23	24	25	29	30	31	32	33	34	35	37
4	3	33	2	13	80	54	431	28	99	312	29	1897	789	1782	4180	5423	6768	3650	6	3	1	64	38	9	1	1
4	3	34	10	11	12	13	14	15	16	17	18	19	20	21	22	23	24	25	29	32	33	34	35	36	37	39
4	3	34	1	9	59	53	136	22	51	95	41	597	686	1058	2747	4218	12847	11968	175	447	64	59	40	6	12	1
4	3	35	13	14	15	16	17	18	19	20	21	22	23	24	25	29	31	32	33	34	35	36	37	42
4	3	35	43	268	8	17	34	9	312	160	261	650	950	3319	3923	99	1	393	93	52	55	4	15	1
4	3	36	14	15	16	17	18	19	20	21	22	23	24	25	29	32	33	34	35	36	37	40
4	3	36	20	1	1	2	4	34	14	41	364	292	1488	1492	89	201	88	34	32	2	7	1
4	3	37	13	14	16	17	18	19	20	21	22	23	24	25	29	32	33	34	35	37
4	3	37	1	14	1	8	1	34	7	18	55	51	363	506	2	22	18	7	9	22
4	3	38	15	17	18	19	20	21	22	23	24	25	29	32	33	34	35	40
4	3	38	1	1	3	7	5	12	50	123	547	467	27	102	47	7	4	1
4	3	39	19	20	21	22	23	24	25	29	32	33	34	35	36	37	39
4	3	39	2	14	20	17	72	610	724	28	166	48	7	17	1	8	2
4	3	40	20	21	22	23	24	25	29	30	32	33	34	35	36	37
4	3	40	2	4	8	22	179	174	4	1	33	42	23	3	1	12
4	3	41	16	20	21	22	23	24	25	29	32	33	34	35
4	3	41	1	1	3	12	22	93	81	6	11	34	11	4
4	3	42	17	19	20	21	22	23	24	25	29	32	33	34	35	36	37
4	3	42	2	2	2	6	22	37	223	212	7	56	58	29	18	1	3
4	3	43	15	18	20	21	22	23	24	25	29	32	33	34	35	39
4	3	43	1	1	1	4	26	16	119	59	8	22	16	8	3	1
4	3	45	18	22	23	24	25	29	32	33	34	35	36	37
4	3	45	4	5	22	151	146	15	32	13	4	6	1	1
5	1	9	9
5	1	9	1
5	1	11	11	14	15	17	22	23
5	1	11	47	1	2	23	1	1
5	1	12	11	12	13	16	17	18	22	23	28
5	1	12	3	41	1	2	4	2	4	4	1
5	1	13	12	13	14	15	18	19	20	21	22	24
5	1	13	2	173	4	2	3	24	17	21	2	6
5	1	14	11	13	14	15	16	17	18	19	20	21	22	23	24	25	26	28	29	30	31
5	1	14	1	7	744	6	29	2	2	1	4	54	33	119	5	17	1	3	3	3	1
5	1	15	13	14	15	16	17	18	19	22	23	24	25	26	27	28	29	30	31
5	1	15	14	5	389	8	1	20	21	1	2	9	11	12	6	4	9	8	1
5	1	16	14	15	16	17	18	19	21	22	23	24	25	26	27	28	29	30	31	32	33
5	1	16	49	10	1344	1	1	1	77	64	12	3	27	32	14	4	20	6	6	5	1
5	1	17	17	18	19	21	23	28	29	30	32
5	1	17	22	1	1	1	1	1	4	1	1
5	1	18	15	16	18	19	20	22	23	24	25	26	27	28	29	30	31	33	35
5	1	18	13	1	1028	26	13	107	20	72	2	4	2	1	10	4	2	1	1
5	1	19	15	16	17	18	19	20	21	22	23	24	25	26	27	28	29	30	31	32	33	34	36
5	1	19	9	1	1	21	6066	4	14	5	300	569	104	222	4	19	20	11	9	15	8	1	1
5	1	20	18	19	20	21	22	24	25	26	27	28	34
5	1	20	3	2	22	2	7	2	1	4	1	4	2
5	1	21	16	19	21	22	23	24	25	26	27	28	29	30	31	33	34
5	1	21	65	4	472	120	49	23	8	17	6	13	8	11	3	3	1
5	1	22	15	16	17	18	19	20	21	22	23	24	25	26	27	28	29	30	31	32	33	34
5	1	22	1	15	2	88	8	4	93	3067	109	47	19	33	39	40	67	42	13	8	12	6
5	1	23	15	17	18	19	21	22	23	24	25	26	27	28	29	30	31	32	33	34	35	36
5	1	23	1	1	26	286	15	147	4696	386	45	55	7	56	107	62	28	15	11	23	4	2
5	1	24	16	18	19	21	22	23	24	25	26	27	28	29	30	31	32	33	34	35	36	37	39
5	1	24	1	1	630	6	4	386	18465	65	178	32	140	287	121	214	121	133	40	13	2	5	2
5	1	25	16	18	19	21	22	23	24	25	26	27	28	29	30	31	32	33	34	35	36	37	39
5	1	25	1	1	6	12	16	29	10	347	58	7	25	27	32	36	24	55	62	23	3	6	1
5	1	26	19	20	21	22	23	24	25	26	27	28	29	30	31	32	33	34	35	36	37	38	39	41	43	45
5	1	26	5	2	21	27	21	65	36	558	47	44	64	51	65	85	143	92	24	7	4	3	2	1	2	1
5	1	27	19	21	22	23	24	25	26	27	28	29	30	31	32	33	34	35	36	37	38	39	40	42	43	45
5	1	27	1	2	21	2	32	8	38	263	47	35	37	36	43	125	160	52	21	4	9	16	1	1	1	3
5	1	28	17	19	21	22	23	24	25	26	27	28	29	30	31	32	33	34	35	36	37	38	39	40	41	42	43	45
5	1	28	1	1	2	7	66	108	33	47	34	986	184	130	137	93	67	50	16	7	6	7	9	1	2	5	2	3
5	1	29	21	22	23	24	25	26	27	28	29	30	31	32	33	34	35	36	37	38	39	42	43
5	1	29	3	8	26	36	16	47	39	146	2431	336	449	147	135	38	21	5	4	2	4	2	2
5	1	30	21	22	23	24	25	26	27	28	29	30	31	32	33	34	35	36	37	38	39	40	42	43
5	1	30	1	4	12	29	12	52	38	107	291	1089	268	248	237	133	32	16	5	3	3	1	2	1
5	1	31	22	23	24	25	26	27	28	29	30	31	32	33	34	35	36	37	38	39	40	41	42	43	45
5	1	31	1	4	15	9	38	11	133	310	167	2115	623	489	416	109	32	10	14	4	1	4	2	1	3
5	1	32	23	24	25	26	27	28	29	30	31	32	33	34	35	36	37	38	39	40	41	42	43	45
5	1	32	1	5	6	15	7	37	68	145	368	1735	921	723	214	101	30	53	39	12	6	11	9	8
5	1	33	24	25	26	28	29	30	31	32	33	34	35	36	37	38	39	40	41	42	43	45
5	1	33	1	5	7	24	33	69	202	554	4018	2263	526	186	38	89	76	21	11	20	7	23
5	1	34	23	26	27	28	29	30	31	32	33	34	35	36	37	38	39	40	41	42	43	45
5	1	34	2	2	2	3	6	12	41	109	935	5373	1202	411	113	161	174	51	24	50	21	53
5	1	35	25	26	29	31	32	33	34	35	36	37	38	39	40	41	42	43	45
5	1	35	1	2	3	5	15	170	624	493	158	59	55	42	32	13	45	9	19
5	1	36	23	29	30	32	33	34	35	36	37	38	39	40	41	42	43	45
5	1	36	1	1	2	4	39	195	127	127	34	18	19	17	6	17	5	8
5	1	37	29	30	31	33	34	35	36	37	38	39	40	41	42	43	45
5	1	37	1	2	2	21	62	61	20	46	6	7	5	3	6	3	4
5	1	38	32	33	34	35	36	37	38	39	42	43	45
5	1	38	5	16	64	37	21	8	33	8	5	4	2
5	1	39	32	33	34	35	36	37	38	39	40	41	42	43	45
5	1	39	1	5	19	26	9	1	5	23	8	1	4	3	3
5	1	40	33	34	35	36	37	39	40	42	45
5	1	40	1	7	7	11	3	5	14	2	1
5	1	41	33	34	35	36	38	39	41	42
5	1	41	2	7	3	4	2	2	4	2
5	1	42	29	34	35	36	38	39	41	42	43
5	1	42	1	5	7	5	2	1	1	10	2
5	1	43	31	34	35	36	41	43	45
5	1	43	1	4	3	2	2	1	1
5	1	45	33	34	35	36	37	38	39	40	41	42	45
5	1	45	1	8	4	6	1	2	2	2	1	1	1
5	2	9	9
5	2	9	1
5	2	11	11
5	2	11	51
5	2	12	11	12
5	2	12	1	42
5	2	13	13	14	15
5	2	13	186	4	5
5	2	14	13	14	15	16
5	2	14	3	780	5	15
5	2	15	13	14	15	16	18	19	23
5	2	15	3	1	409	1	17	1	1
5	2	16	14	15	16	21	22
5	2	16	11	3	1421	31	1
5	2	17	17	18	19	20	21	23
5	2	17	49	1	3	1	1	3
5	2	18	15	18	19	20	22	23	24
5	2	18	2	1124	17	6	46	1	1
5	2	19	15	16	17	18	19	20	21	22	23	24	26
5	2	19	1	1	1	7	6814	4	10	6	96	138	5
5	2	20	18	19	20	21	22	25	26
5	2	20	3	1	42	2	15	2	1
5	2	21	16	18	19	20	21	22	23	24	25	26
5	2	21	22	1	1	2	667	48	15	25	4	11
5	2	22	17	18	19	20	21	22	23	24	25	26	27	28	29	30	31	33
5	2	22	1	31	2	4	26	3425	58	15	16	32	8	3	20	3	1	1
5	2	23	17	18	19	21	22	23	24	25	26	27	28	29	30	31	34
5	2	23	4	2	113	17	34	5415	138	59	27	6	40	2	3	2	1
5	2	24	19	21	22	23	24	25	26	27	28	29	30	31	32	33
5	2	24	129	20	10	122	19366	24	58	17	75	26	25	2	8	6
5	2	25	19	21	22	23	24	25	26	27	28	29	30	31	32	33
5	2	25	4	3	16	30	20	596	41	2	23	9	14	7	4	3
5	2	26	19	20	21	22	23	24	25	26	27	28	29	30	31	32	33	34	35	36	37
5	2	26	3	1	1	27	29	62	37	980	23	21	44	31	61	67	22	9	1	1	2
5	2	27	22	23	24	25	26	27	28	29	30	31	32	33
5	2	27	9	1	39	8	19	402	13	21	30	11	3	3
5	2	28	21	22	23	24	25	26	27	28	29	30	31	32	33	34
5	2	28	1	2	33	125	30	22	14	1355	68	82	71	19	12	4
5	2	29	22	23	24	25	26	27	28	29	30	31	32	33	34	36
5	2	29	8	1	15	4	30	30	86	3168	218	301	82	42	4	1
5	2	30	22	23	24	25	26	27	28	29	30	31	32	33	34	35	36	37	40	43
5	2	30	2	6	26	11	36	29	109	195	1510	165	139	88	14	7	1	1	1	1
5	2	31	23	24	25	26	27	28	29	30	31	32	33	34	35	36	37	38	42
5	2	31	1	8	5	48	19	89	332	154	2641	381	256	56	5	2	3	1	1
5	2	32	19	24	26	27	28	29	30	31	32	33	34	35	36	37	38	42
5	2	32	1	1	35	5	41	69	164	342	2432	555	170	15	12	3	5	1
5	2	33	22	25	26	27	28	29	30	31	32	33	34	35	36	37	38	39	40	42	43	45
5	2	33	1	3	22	2	18	35	107	311	575	4862	1265	237	47	17	17	21	3	4	1	1
5	2	34	23	25	26	27	28	29	30	31	32	33	34	35	36	37	38	39	40	41	42	43	45
5	2	34	1	1	7	1	2	5	25	51	158	1153	7414	948	265	117	83	69	17	12	15	8	26
5	2	35	26	29	30	31	32	33	34	35	36	37	38	39	40	41	42	43	45
5	2	35	2	1	5	8	29	179	912	1246	277	65	69	116	18	15	36	12	15
5	2	36	29	30	32	33	34	35	36	37	38	39	40	41	42	43	45
5	2	36	1	1	4	54	257	248	397	34	48	41	24	12	5	18	13
5	2	37	26	30	31	32	33	34	35	36	37	38	39	40	41	42	45
5	2	37	2	1	6	1	19	107	91	28	107	5	3	3	1	1	2
5	2	38	30	31	32	33	34	35	36	37	38	39	40	41	42	43	45
5	2	38	1	1	3	25	83	85	62	1	123	25	14	15	6	5	15
5	2	39	30	33	34	35	36	37	38	39	40	41	42	45
5	2	39	1	17	56	109	39	2	18	165	15	1	5	11
5	2	40	33	34	35	36	37	38	39	40	41	42	43	45
5	2	40	7	21	32	16	7	2	27	40	5	4	3	2
5	2	41	29	34	35	36	37	38	40	41	42	43	45
5	2	41	1	12	10	13	1	9	2	16	5	6	4
5	2	42	30	33	34	35	36	38	39	40	41	42	43	45
5	2	42	2	4	15	32	7	5	4	3	12	82	10	9
5	2	43	30	31	34	35	36	37	38	40	41	42	43	45
5	2	43	1	1	7	10	9	2	15	2	1	15	8	2
5	2	45	33	34	35	36	37	38	39	40	41	42	43	45
5	2	45	2	27	19	16	3	19	15	4	4	6	8	10
5	3	9	9
5	3	9	1
5	3	11	11
5	3	11	52
5	3	12	12	13
5	3	12	40	2
5	3	13	13	14
5	3	13	189	3
5	3	14	13	14	15	16
5	3	14	3	779	2	12
5	3	15	13	14	15	16	18
5	3	15	6	3	406	2	8
5	3	16	14	15	16	21
5	3	16	11	3	1419	27
5	3	17	17	19	23
5	3	17	48	2	5
5	3	18	15	18	19	20	22	23
5	3	18	7	1129	10	3	34	3
5	3	19	15	17	18	19	20	21	22	23	24	25	26
5	3	19	1	1	12	6807	3	6	9	109	135	5	1
5	3	20	18	19	20	21	22	25	26
5	3	20	6	2	31	2	17	1	1
5	3	21	16	19	20	21	22	23	24	25	26	27	28
5	3	21	25	1	2	673	32	10	22	5	7	1	1
5	3	22	15	16	17	18	19	20	21	22	23	24	25	26	27	28	29	30	31	32	33
5	3	22	1	2	1	37	1	7	47	3409	44	9	23	46	5	1	10	3	1	1	2
5	3	23	17	18	19	21	22	23	24	25	26	27	28	29	31	34
5	3	23	4	4	101	18	53	5357	135	47	39	4	47	2	1	1
5	3	24	19	20	21	22	23	24	25	26	27	28	29	30	31	32	33
5	3	24	115	1	22	13	133	19393	17	75	50	109	19	19	6	4	3
5	3	25	19	21	22	23	24	25	26	27	28	29	30	31	32	33	34
5	3	25	3	4	17	45	20	574	49	5	38	8	22	7	3	4	1
5	3	26	21	22	23	24	25	26	27	28	29	30	31	32	33	34
5	3	26	7	30	24	51	30	1006	18	19	34	35	55	44	17	8
5	3	27	19	22	23	24	25	26	27	28	29	30	31	32	33
5	3	27	1	4	5	32	5	26	406	24	21	25	5	2	2
5	3	28	19	23	24	25	26	27	28	29	30	31	32	33	34
5	3	28	1	45	98	57	23	9	1360	69	102	67	29	11	4
5	3	29	22	23	24	25	26	27	28	29	30	31	32	33	34	35	37	41
5	3	29	10	3	17	2	35	27	71	3188	201	325	84	24	4	1	2	3
5	3	30	23	24	25	26	27	28	29	30	31	32	33	34	35	36	38	42
5	3	30	5	16	17	35	25	89	184	1630	140	150	69	13	1	2	1	1
5	3	31	22	24	26	27	28	29	30	31	32	33	34	35	36	37	43
5	3	31	1	3	43	14	97	292	147	2768	321	239	35	10	3	8	1
5	3	32	24	25	26	27	28	29	30	31	32	33	34	35	36	37	38	39	42	43
5	3	32	4	7	53	2	21	96	157	347	2428	616	144	15	8	2	2	1	1	1
5	3	33	24	25	26	27	28	29	30	31	32	33	34	35	36	37	38	39	40	42	45
5	3	33	2	2	19	10	8	29	107	318	592	4827	1109	193	36	10	21	15	6	1	5
5	3	34	25	26	29	30	31	32	33	34	35	36	37	38	39	40	41	42	43	45
5	3	34	1	3	4	15	53	152	1309	7390	921	262	101	91	64	14	6	14	6	28
5	3	35	25	26	29	30	31	32	33	34	35	36	37	38	39	40	41	42	43	45
5	3	35	1	2	2	2	10	13	237	1005	1227	257	59	97	94	19	9	27	10	24
5	3	36	30	31	32	33	34	35	36	37	38	39	40	41	42	43	45
5	3	36	2	5	4	47	278	247	404	24	52	38	27	14	22	11	18
5	3	37	26	31	32	33	34	35	36	37	38	39	40	41	42	43	45
5	3	37	1	8	4	24	108	69	26	105	3	4	6	2	1	2	2
5	3	38	30	33	34	35	36	37	38	39	40	41	42	43	45
5	3	38	2	22	85	86	38	3	133	14	7	7	3	7	12
5	3	39	33	34	35	36	37	38	39	40	41	42	43	45
5	3	39	19	70	113	28	6	15	197	19	1	9	1	8
5	3	40	29	33	34	35	36	37	38	39	40	41	42	43	45
5	3	40	1	7	20	20	18	8	7	17	33	4	3	2	6
5	3	41	34	35	36	38	39	40	41	42	43	45
5	3	41	16	14	17	16	1	1	13	11	4	1
5	3	42	29	31	33	34	35	36	38	41	42	43	45
5	3	42	1	1	4	19	34	13	2	2	103	4	3
5	3	43	29	30	33	34	35	36	37	38	40	41	42	43	45
5	3	43	2	1	1	10	13	14	1	7	1	7	11	6	6
5	3	45	34	35	36	37	38	39	40	41	42	43	45
5	3	45	20	13	9	4	16	16	2	5	10	2	13
5	4	9	8
5	4	9	1
5	4	11	8	9
5	4	11	50	2
5	4	12	8	9
5	4	12	29	11
5	4	13	9	10	12
5	4	13	190	9	1
5	4	14	7	9	10	12
5	4	14	1	704	89	2
5	4	15	8	9	10	11	12	13
5	4	15	6	25	368	7	2	12
5	4	16	7	8	9	10	11	12	13	21
5	4	16	3	1	154	1267	25	5	4	1
5	4	17	8	9	13	23
5	4	17	30	3	20	1
5	4	18	9	10	11	12	13	14	15
5	4	18	7	1072	63	1	29	23	1
5	4	19	7	9	10	11	12	13	14	15	24
5	4	19	24	24	5550	929	421	26	63	6	1
5	4	20	9	12	13	14	20
5	4	20	6	3	16	16	6
5	4	21	7	9	10	11	12	13	14	15	17	21
5	4	21	1	73	268	73	7	34	316	4	1	29
5	4	22	8	9	10	11	12	13	14	15	17	21	22
5	4	22	11	36	722	2412	15	28	352	9	1	1	42
5	4	23	7	8	9	10	11	12	13	14	15	16	17	22	23	24	25
5	4	23	3	17	109	1464	3212	331	81	476	38	2	5	2	46	1	1
5	4	24	7	8	9	10	11	12	13	14	15	16	17	21	22	23	24	25	28
5	4	24	6	2	25	4013	4349	10439	69	826	97	5	46	2	1	1	53	2	1
5	4	25	9	10	11	12	13	14	15	16	17	22	23	24	25	26	29
5	4	25	16	129	26	31	74	442	47	5	9	1	1	1	9	1	2
5	4	26	7	9	10	11	12	13	14	15	16	17	18	22	24	26	28	32
5	4	26	1	7	327	55	75	73	539	172	15	183	1	2	2	10	1	1
5	4	27	10	11	12	13	14	15	16	17	27	29
5	4	27	105	11	26	25	269	66	7	59	7	1
5	4	28	8	10	11	12	13	14	15	16	17	18	26	28	29
5	4	28	2	101	74	31	95	1222	187	80	78	7	1	6	1
5	4	29	8	9	10	11	12	13	14	15	16	17	18	29	30	31
5	4	29	1	4	161	283	349	37	2604	234	100	164	7	15	2	1
5	4	30	8	9	10	11	12	13	14	15	16	17	18	24	26	28	29	30	31	32
5	4	30	3	1	105	126	137	24	1036	477	153	371	25	1	1	1	2	5	1	1
5	4	31	10	11	12	13	14	15	16	17	18	29	31	32	33
5	4	31	76	185	403	30	1138	959	553	707	58	2	3	2	1
5	4	32	9	10	11	12	13	14	15	16	17	18	26	27	29	30	31	32	34
5	4	32	1	48	41	157	38	505	500	979	1346	202	2	1	2	1	2	5	1
5	4	33	10	11	12	13	14	15	16	17	18	31	32	33	34
5	4	33	35	57	161	88	316	650	652	4020	1489	2	4	6	4
5	4	34	10	11	12	13	14	15	16	17	18	33	34	35	36
5	4	34	25	28	57	87	70	666	333	4757	4300	6	7	1	3
5	4	35	11	12	13	14	15	16	17	18	33	34	35	36	43
5	4	35	23	53	29	32	201	84	1139	1399	5	4	4	3	1
5	4	36	12	13	14	15	16	17	18	30	33	34	36
5	4	36	5	4	16	93	14	403	592	1	5	1	1
5	4	37	11	12	13	14	15	16	17	18	33	36
5	4	37	3	5	7	15	27	6	72	193	1	4
5	4	38	14	15	16	17	18	33
5	4	38	8	45	13	185	207	5
5	4	39	9	12	13	15	16	17	18	33	36
5	4	39	1	1	6	37	7	55	350	3	1
5	4	40	14	15	17	18	33	36
5	4	40	1	9	29	92	2	2
5	4	41	14	15	17	18	36
5	4	41	3	8	20	40	2
5	4	42	13	14	15	16	17	18	33
5	4	42	1	3	26	4	48	131	4
5	4	43	13	14	15	17	18
5	4	43	1	4	7	22	23
5	4	45	15	17	18	33
5	4	45	12	52	61	1
6	1	9	9
6	1	9	2
6	1	11	11	17
6	1	11	16	9
6	1	12	12	16	17	19	23
6	1	12	21	1	2	1	2
6	1	13	13	14	15	18	19	20	21	22	25	28
6	1	13	83	3	4	5	9	5	4	2	1	1
6	1	14	13	14	15	16	18	19	21	22	23	25	26	33
6	1	14	4	278	1	16	2	3	27	15	37	12	1	1
6	1	15	13	14	15	16	18	19	21	23	24	25	26	27	28	29	30	31
6	1	15	4	3	141	7	10	5	1	1	7	6	3	4	4	7	1	2
6	1	16	14	15	16	19	21	22	23	24	25	26	27	28	29	30	31	32	33	35	37
6	1	16	15	6	571	1	43	33	6	1	15	20	9	2	12	1	1	1	1	1	1
6	1	17	17	18	22	29	30	33
6	1	17	6	1	1	2	1	1
6	1	18	15	18	19	20	21	22	23	24	26	27	28	29	30	33
6	1	18	8	455	16	4	1	46	10	37	2	4	1	4	5	3
6	1	19	15	18	19	20	21	22	23	24	25	26	28	29	30	31	32	33	34
6	1	19	2	15	2975	2	8	1	142	265	46	91	7	7	2	2	5	1	2
6	1	20	18	19	20	26	28
6	1	20	1	1	4	1	2
6	1	21	16	19	21	22	23	24	25	26	27	28	29	30	32
6	1	21	27	2	239	41	12	9	5	7	2	5	6	2	1
6	1	22	15	16	18	19	20	21	22	23	24	25	26	27	28	29	30	31	32	33	34
6	1	22	1	9	42	3	2	44	1422	49	16	6	9	20	17	29	25	8	1	8	1
6	1	23	17	18	19	21	22	23	24	25	26	27	28	29	30	31	32	33	34	35	36
6	1	23	2	13	136	6	55	2235	170	12	10	2	36	54	43	10	7	7	12	3	2
6	1	24	19	20	21	22	23	24	25	26	27	28	29	30	31	32	33	34	35	37	38	39
6	1	24	315	1	1	8	193	8226	20	39	3	68	121	66	102	50	65	22	6	1	1	1
6	1	25	18	20	21	22	23	24	25	26	27	28	29	30	31	32	33	34	35	36	37	39
6	1	25	1	1	3	6	6	11	142	27	6	18	4	14	18	15	26	27	8	3	1	1
6	1	26	21	22	23	24	25	26	27	28	29	30	31	32	33	34	35	36	37	38	42	43
6	1	26	9	8	6	9	13	186	26	21	32	27	21	33	42	46	20	3	1	2	1	1
6	1	27	21	22	24	26	27	28	29	30	31	32	33	34	35	36	38	39	41	43	45
6	1	27	2	12	4	14	125	26	14	24	14	17	34	65	24	9	2	2	1	3	4
6	1	28	21	22	23	24	25	26	27	28	29	30	31	32	33	34	35	36	37	38	39	40	41	42	45
6	1	28	3	2	24	65	10	13	15	567	88	65	58	46	28	23	10	6	4	4	2	1	1	4	2
6	1	29	22	23	24	25	26	27	28	29	30	31	32	33	34	35	36	37	39	41	42
6	1	29	2	7	30	9	17	15	80	1250	185	185	62	46	23	15	1	3	1	3	2
6	1	30	22	23	24	25	26	27	28	29	30	31	32	33	34	35	36	37	38	39	40	42
6	1	30	1	4	8	2	16	7	34	132	449	112	100	110	78	27	9	5	1	1	1	4
6	1	31	21	22	23	24	25	26	27	28	29	30	31	32	33	34	35	36	37	38	39	40	41	42	43	45
6	1	31	1	2	2	7	4	16	5	56	126	73	710	257	249	177	32	9	9	7	6	3	1	1	1	1
6	1	32	24	25	26	27	28	29	30	31	32	33	34	35	36	37	38	39	40	41	42	43	45
6	1	32	2	1	8	3	10	23	45	129	739	381	309	91	49	9	23	9	4	2	7	3	5
6	1	33	25	26	27	28	29	30	31	32	33	34	35	36	37	38	39	40	41	42	43	45
6	1	33	1	2	2	9	12	29	73	184	1670	944	220	64	11	25	20	3	4	9	2	7
6	1	34	28	30	31	32	33	34	35	36	37	38	39	40	41	42	43	45
6	1	34	2	8	8	36	396	2216	427	140	41	45	39	10	10	16	7	8
6	1	35	25	26	29	30	31	32	33	34	35	36	37	38	39	40	41	42	43	45
6	1	35	1	1	1	1	1	9	70	246	228	52	18	18	13	5	6	13	4	3
6	1	36	32	33	34	35	36	37	38	39	40	41	42	45
6	1	36	2	10	83	45	54	7	5	14	6	2	9	7
6	1	37	31	32	33	34	35	36	37	38	39	40	41	42
6	1	37	1	1	6	26	20	5	17	2	2	1	1	2
6	1	38	33	34	35	36	37	38	39	40	45
6	1	38	12	37	16	8	3	12	1	1	1
6	1	39	33	34	35	36	37	38	39	41	42
6	1	39	1	16	4	6	1	2	6	1	2
6	1	40	34	35	36	38	40	42
6	1	40	2	1	4	1	3	2
6	1	41	33	34	37	38	42	45
6	1	41	1	3	1	1	2	1
6	1	42	34	35	36	42
6	1	42	3	1	1	3
6	1	43	30	35	36	42	45
6	1	43	1	2	4	2	1
6	1	45	34	35	42	45
6	1	45	3	2	1	2
6	2	9	9
6	2	9	2
6	2	11	11	12
6	2	11	15	1
6	2	12	12
6	2	12	21
6	2	13	13	14	15
6	2	13	87	1	3
6	2	14	14	16
6	2	14	296	3
6	2	15	13	15	16	18	19	23
6	2	15	1	153	2	5	1	1
6	2	16	14	15	16	19	21
6	2	16	4	1	609	1	16
6	2	17	17	23
6	2	17	14	5
6	2	18	15	18	19	20	22	23
6	2	18	4	513	8	4	13	3
6	2	19	16	18	19	20	21	23	24	26
6	2	19	1	5	3347	1	2	59	51	1
6	2	20	18	20	21	22
6	2	20	1	10	1	7
6	2	21	16	21	22	23	24	25	26	27	30
6	2	21	4	332	28	7	9	4	6	1	1
6	2	22	18	19	20	21	22	23	24	25	26	27	28	29	30	33
6	2	22	7	1	5	16	1558	23	8	7	11	6	2	9	3	1
6	2	23	15	19	21	22	23	24	25	26	27	28	31	32	36
6	2	23	1	50	3	23	2548	74	18	4	2	10	1	1	1
6	2	24	19	21	22	23	24	25	26	27	28	29	30	31	33
6	2	24	61	7	7	76	8611	6	8	11	47	11	16	3	3
6	2	25	21	22	23	24	25	26	27	28	29	30	31	32	33
6	2	25	4	3	16	10	224	18	2	14	5	5	2	2	1
6	2	26	21	22	23	24	25	26	27	28	29	30	31	32	33
6	2	26	2	14	9	8	19	333	12	14	12	21	19	16	4
6	2	27	21	22	24	25	26	27	28	29	30	31	32	33
6	2	27	1	2	4	2	7	192	7	6	15	7	1	4
6	2	28	21	23	24	25	26	27	28	29	30	31	32	33
6	2	28	1	18	79	9	10	12	719	36	43	21	11	7
6	2	29	22	24	25	26	27	28	29	30	31	32	33	34	38	41	42
6	2	29	1	6	2	21	11	52	1563	93	110	44	13	4	2	1	1
6	2	30	21	22	23	24	25	26	27	28	29	30	31	32	33	34	35	36	37	41
6	2	30	1	1	1	5	12	15	9	48	107	662	60	74	55	10	4	1	1	1
6	2	31	24	25	26	27	28	29	30	31	32	33	34	35	36	37	42
6	2	31	5	3	16	4	44	160	60	893	142	105	17	2	2	1	1
6	2	32	24	25	26	27	28	29	30	31	32	33	34	35	36	38	39
6	2	32	1	5	6	5	25	39	80	153	946	225	69	7	1	2	2
6	2	33	25	26	27	28	29	30	31	32	33	34	35	36	37	38	39	41	42
6	2	33	1	10	3	11	11	44	114	250	1999	588	96	15	7	4	9	2	5
6	2	34	26	28	29	30	31	32	33	34	35	36	37	38	39	40	41	42	43	45
6	2	34	2	1	4	4	26	55	539	3007	437	128	35	38	47	6	8	7	6	14
6	2	35	30	31	32	33	34	35	36	37	38	39	40	41	42	43	45
6	2	35	2	2	10	89	419	448	111	18	37	36	7	1	9	7	7
6	2	36	29	30	32	33	34	35	36	37	38	39	40	41	42	43	45
6	2	36	1	2	5	22	108	96	131	12	18	7	10	5	1	5	6
6	2	37	30	32	33	34	35	36	37	38	39	45
6	2	37	2	2	10	46	20	14	35	1	2	1
6	2	38	29	30	32	33	34	35	36	37	38	39	40	41	42	43	45
6	2	38	1	2	2	5	26	34	18	1	38	3	3	3	1	8	6
6	2	39	33	34	35	36	37	38	39	40	45
6	2	39	3	24	33	10	5	1	36	3	3
6	2	40	33	34	35	36	37	38	39	40	42	43
6	2	40	2	3	6	8	2	2	6	6	2	1
6	2	41	29	34	35	36	37	38	40	41	42	43	45
6	2	41	2	7	4	5	3	3	1	3	2	1	1
6	2	42	33	34	35	36	38	39	41	42	43	45
6	2	42	2	9	8	8	3	4	3	36	4	3
6	2	43	34	35	36	38	39	41	45
6	2	43	4	5	2	7	1	1	1
6	2	45	34	35	36	38	39	41	43	45
6	2	45	8	10	10	2	7	1	1	3
6	3	9	9
6	3	9	2
6	3	11	11
6	3	11	15
6	3	12	12	13
6	3	12	21	1
6	3	13	13	14	15
6	3	13	84	3	1
6	3	14	14	16
6	3	14	298	3
6	3	15	13	14	15	18	22
6	3	15	2	2	152	5	1
6	3	16	14	16	21
6	3	16	6	595	18
6	3	17	17	19	23
6	3	17	10	1	3
6	3	18	15	17	18	19	22
6	3	18	1	1	506	9	14
6	3	19	18	19	21	22	23	24	27
6	3	19	6	3328	2	1	70	61	1
6	3	20	18	20	22	25
6	3	20	4	12	3	1
6	3	21	16	19	21	22	23	24	26	30
6	3	21	8	3	326	26	6	12	4	1
6	3	22	15	18	19	20	21	22	23	24	25	26	27	31	33
6	3	22	1	14	2	2	15	1581	22	7	3	7	1	1	1
6	3	23	18	19	21	22	23	24	25	26	27	28	29
6	3	23	1	55	2	17	2588	69	10	7	2	14	1
6	3	24	19	21	22	23	24	25	26	27	28	29	30	31
6	3	24	60	10	7	71	8635	9	4	7	49	8	8	3
6	3	25	19	20	21	22	23	24	25	26	28	29	30	31	32	33	34
6	3	25	1	1	2	5	17	8	228	22	18	3	2	2	1	1	1
6	3	26	19	21	22	23	24	25	26	27	28	29	30	31	32	33	34
6	3	26	2	3	13	16	7	16	323	7	8	11	15	20	17	9	1
6	3	27	22	23	24	25	26	27	28	29	30	31	32	33
6	3	27	3	1	4	4	12	208	12	9	9	4	1	3
6	3	28	23	24	25	26	27	28	29	30	31	32	33	34
6	3	28	17	67	15	18	9	723	42	45	39	15	2	2
6	3	29	22	23	24	25	26	27	28	29	30	31	32	33
6	3	29	4	2	5	2	13	15	39	1639	87	114	36	11
6	3	30	21	22	23	24	25	26	27	28	29	30	31	32	33	34	35	43
6	3	30	2	1	2	8	10	19	10	50	90	688	55	68	41	6	4	1
6	3	31	22	23	24	25	26	27	28	29	30	31	32	33	34	35	37	38
6	3	31	1	1	1	6	21	6	31	120	51	911	152	91	12	3	2	2
6	3	32	23	24	25	26	27	28	29	30	31	32	33	34	35	36
6	3	32	2	2	2	17	1	12	39	71	138	998	221	56	1	1
6	3	33	24	26	27	28	29	30	31	32	33	34	35	36	37	38	39	40	42
6	3	33	1	10	5	6	19	57	119	263	1973	515	89	14	3	10	3	1	1
6	3	34	26	28	30	31	32	33	34	35	36	37	38	39	40	41	42	43	45
6	3	34	2	1	9	27	69	560	3036	396	124	33	31	26	3	8	11	6	7
6	3	35	26	30	31	32	33	34	35	36	37	38	39	40	41	42	43	45
6	3	35	1	2	4	5	86	400	478	105	20	32	47	10	1	10	4	5
6	3	36	28	31	32	33	34	35	36	37	38	39	40	41	42	43	45
6	3	36	1	2	2	22	113	117	140	9	13	8	13	5	4	10	6
6	3	37	31	32	33	34	35	36	37	38	39	45
6	3	37	3	2	9	35	23	12	33	1	1	1
6	3	38	29	30	32	33	34	35	36	37	38	39	40	41	42	43	45
6	3	38	2	1	2	3	36	32	20	2	44	7	4	1	1	2	1
6	3	39	32	33	34	35	36	37	38	39	40	42	45
6	3	39	1	9	28	43	5	1	8	58	2	1	4
6	3	40	30	33	34	35	36	38	39	40
6	3	40	1	1	10	6	5	1	2	10
6	3	41	30	33	34	36	38	39	41	42	43
6	3	41	2	2	8	4	5	1	3	2	2
6	3	42	29	30	31	33	34	35	36	37	38	39	41	42	43	45
6	3	42	1	1	1	2	4	9	6	1	1	2	3	31	1	2
6	3	43	34	35	36	37	38	40	42	43	45
6	3	43	7	10	2	1	4	1	5	2	1
6	3	45	34	35	36	37	38	39	41	42	43
6	3	45	14	9	8	1	3	5	2	2	1
6	4	9	9
6	4	9	2
6	4	11	11
6	4	11	15
6	4	12	12
6	4	12	21
6	4	13	12	13	14	15
6	4	13	1	83	1	2
6	4	14	13	14	16
6	4	14	2	303	4
6	4	15	13	15	16	18	23
6	4	15	2	148	1	3	1
6	4	16	14	16	17	21
6	4	16	9	587	1	9
6	4	17	17	23
6	4	17	9	2
6	4	18	15	18	19	22
6	4	18	5	507	4	20
6	4	19	16	18	19	20	21	22	23	24	25
6	4	19	2	1	3296	2	4	3	64	88	1
6	4	20	18	20	22
6	4	20	1	12	2
6	4	21	16	19	21	22	23	24	25	26	30
6	4	21	14	4	318	23	4	9	4	3	1
6	4	22	16	18	19	20	21	22	23	24	25	26	27	28	29	30
6	4	22	1	12	2	3	18	1583	19	8	6	14	5	1	4	1
6	4	23	15	18	19	21	22	23	24	25	26	27	28
6	4	23	1	2	51	5	23	2573	111	21	7	1	23
6	4	24	19	21	22	23	24	25	26	27	28	29	30	31	32	33
6	4	24	57	3	3	55	8667	14	12	7	43	8	12	2	1	3
6	4	25	21	22	23	24	25	26	27	28	29	30	31	32
6	4	25	4	8	7	4	233	20	2	12	2	10	2	2
6	4	26	21	22	23	24	25	26	27	28	29	30	31	32	33	34
6	4	26	5	8	6	8	18	344	8	10	20	12	22	8	10	1
6	4	27	21	22	23	24	25	26	27	28	29	30	31	32	33
6	4	27	1	4	1	10	3	9	195	17	13	8	7	1	3
6	4	28	23	24	25	26	27	28	29	30	31	32	33	34
6	4	28	19	43	15	16	3	736	44	39	31	10	7	1
6	4	29	22	24	25	26	27	28	29	30	31	32	33	34	37	38
6	4	29	4	4	4	23	10	35	1639	90	139	21	10	3	1	1
6	4	30	21	23	24	25	26	27	28	29	30	31	32	33	34	36	38	40
6	4	30	2	2	10	7	12	8	37	91	691	71	61	52	3	1	1	1
6	4	31	22	23	24	25	26	27	28	29	30	31	32	33	34	35	36	37	38
6	4	31	1	1	3	4	23	5	32	106	45	964	147	94	13	2	1	1	1
6	4	32	25	26	27	28	29	30	31	32	33	34	35	36	37	38
6	4	32	4	23	2	13	40	72	138	1014	254	58	6	4	2	2
6	4	33	24	26	27	28	29	30	31	32	33	34	35	36	37	38	39	42
6	4	33	3	9	3	1	11	51	108	200	2074	486	72	10	7	6	5	1
6	4	34	25	26	28	29	30	31	32	33	34	35	36	37	38	39	40	41	42	43	45
6	4	34	1	1	1	3	9	23	65	497	3067	388	111	42	30	24	5	7	3	3	4
6	4	35	26	30	31	32	33	34	35	36	37	38	39	40	41	42	43	45
6	4	35	1	2	11	1	100	390	525	65	26	21	42	10	5	9	3	9
6	4	36	33	34	35	36	37	38	39	40	41	42	43	45
6	4	36	25	107	90	155	13	16	9	1	7	5	9	9
6	4	37	30	31	32	33	34	35	36	37	38	39	40	41
6	4	37	1	2	1	5	27	24	6	32	2	1	2	3
6	4	38	31	32	33	34	35	36	37	38	39	40	41	42	45
6	4	38	1	1	4	40	40	12	1	38	7	3	2	2	4
6	4	39	33	34	35	36	37	38	39	40	42	45
6	4	39	6	30	42	17	3	3	53	4	1	1
6	4	40	33	34	35	36	37	38	39	40	41	43
6	4	40	3	4	15	5	2	1	2	10	1	1
6	4	41	33	34	35	36	38	40	41	42	43	45
6	4	41	1	4	3	2	4	1	4	2	1	1
6	4	42	30	31	32	33	34	35	36	38	40	41	42	43
6	4	42	1	1	1	6	6	9	7	1	1	1	32	2
6	4	43	30	31	33	34	35	36	37	38	42	43	45
6	4	43	1	1	1	7	2	8	1	4	1	2	1
6	4	45	34	35	36	37	38	39	42
6	4	45	5	8	5	1	5	2	1
6	5	9	7
6	5	9	2
6	5	11	7
6	5	11	15
6	5	12	7
6	5	12	22
6	5	13	7
6	5	13	87
6	5	14	5	7
6	5	14	1	312
6	5	15	7	8	10
6	5	15	149	4	3
6	5	16	7	8	9
6	5	16	591	16	2
6	5	17	7	9	10
6	5	17	2	5	3
6	5	18	7	8	9
6	5	18	438	50	38
6	5	19	5	7	8	9	10	12
6	5	19	15	2336	500	557	2	4
6	5	20	7	9	10
6	5	20	5	5	7
6	5	21	7	8	9	10	12	21
6	5	21	101	75	107	61	24	1
6	5	22	7	8	9	10	11	12	22	25
6	5	22	222	624	784	33	1	9	8	1
6	5	23	6	7	8	9	10	11	12	23
6	5	23	2	428	949	1127	179	40	21	8
6	5	24	5	7	8	9	10	11	12	21	24	28
6	5	24	15	1326	1627	5490	215	205	75	1	13	1
6	5	25	6	7	8	9	10	11	12	23	25	28
6	5	25	1	63	1	76	118	52	19	1	3	1
6	5	26	7	8	9	10	11	12	26
6	5	26	59	7	128	213	43	60	7
6	5	27	7	8	9	10	11	12
6	5	27	29	10	40	135	3	32
6	5	28	6	7	8	9	10	11	12
6	5	28	2	19	23	48	259	238	372
6	5	29	6	7	8	9	10	11	12	28	29
6	5	29	1	27	53	198	473	1010	208	1	10
6	5	30	7	8	9	10	11	12
6	5	30	8	24	96	213	453	252
6	5	31	7	8	9	10	11	12	22	27	30	31
6	5	31	16	21	125	103	518	734	1	1	1	3
6	5	32	7	8	9	10	11	12	32
6	5	32	9	11	73	51	248	1141	1
6	5	33	7	8	9	10	11	12	31	32	34
6	5	33	12	11	100	54	295	2680	1	1	1
6	5	34	6	7	8	9	10	11	12	34	36
6	5	34	1	4	6	72	25	157	3984	2	1
6	5	35	8	9	10	11	12	33	34
6	5	35	4	26	18	49	1127	1	1
6	5	36	9	10	11	12
6	5	36	5	7	9	388
6	5	37	8	9	10	11	12	37
6	5	37	1	3	3	11	113	1
6	5	38	9	10	11	12
6	5	38	3	1	5	127
6	5	39	9	11	12
6	5	39	3	4	138
6	5	40	10	11	12
6	5	40	1	1	36
6	5	41	11	12
6	5	41	2	28
6	5	42	10	11	12
6	5	42	1	1	55
6	5	43	10	12
6	5	43	1	20
6	5	45	11	12
6	5	45	1	28
7	1	11	11	17
7	1	11	3	2
7	1	12	12
7	1	12	1
7	1	13	13	15
7	1	13	5	1
7	1	14	14	16	21	22	23	25	26
7	1	14	62	7	7	2	9	2	2
7	1	15	13	15	18	19	22	24	25
7	1	15	1	21	3	1	1	1	1
7	1	16	14	16	21	22	25	26	27	29	30	34
7	1	16	5	109	6	6	2	4	2	1	1	1
7	1	17	17	22	33
7	1	17	2	1	1
7	1	18	15	18	22	23	24	27	29	30	38
7	1	18	1	58	9	1	2	2	1	1	1
7	1	19	16	18	19	23	24	25	26	28	30	31	32	33
7	1	19	1	1	643	28	73	6	8	2	1	1	1	1
7	1	20	20	22
7	1	20	1	1
7	1	21	16	21	22	23	24	25	26	29	33
7	1	21	6	37	8	1	2	1	1	2	1
7	1	22	16	18	19	21	22	23	24	25	28	29	30
7	1	22	1	7	2	6	122	11	4	1	3	3	2
7	1	23	18	19	22	23	24	25	26	27	28	29	30	31	32
7	1	23	3	39	15	282	52	5	5	1	4	9	5	3	1
7	1	24	19	21	22	23	24	25	26	27	28	29	30	31	32	33	34	35
7	1	24	103	1	1	56	1940	6	6	1	6	29	8	13	2	11	4	1
7	1	25	21	24	25	26	28	29	30	32	33	34	35	36
7	1	25	1	3	23	7	1	1	2	2	6	1	2	1
7	1	26	21	22	25	26	27	28	29	30	31	32	33	34	35	37	42
7	1	26	2	2	1	25	3	2	3	1	1	4	8	15	3	1	1
7	1	27	22	25	27	28	29	31	32	33	34	35	36	38	39	40
7	1	27	1	1	10	1	2	2	5	6	14	10	4	1	1	1
7	1	28	19	21	23	24	27	28	29	30	31	32	33	34	35	36	37	38
7	1	28	1	1	6	31	1	55	13	4	8	4	4	8	4	1	1	1
7	1	29	22	23	24	25	26	27	28	29	30	31	32	33	34	35
7	1	29	1	5	3	1	3	3	19	220	37	23	4	11	2	1
7	1	30	23	24	27	28	29	30	31	32	33	34	35	38
7	1	30	1	5	1	7	35	51	16	6	13	9	3	1
7	1	31	22	24	26	28	29	30	31	32	33	34	35	36	39	40
7	1	31	1	4	1	17	25	15	88	27	32	22	6	1	2	1
7	1	32	24	26	28	29	30	31	32	33	34	35	36	37	38	39	41	42
7	1	32	1	1	8	8	20	16	127	60	56	22	7	1	2	1	1	1
7	1	33	28	29	30	31	32	33	34	35	36	37	38	39	40	42
7	1	33	3	1	6	14	36	251	139	36	4	8	4	2	1	2
7	1	34	26	30	32	33	34	35	36	37	38	39	40	42	43	45
7	1	34	1	2	9	69	375	59	24	5	5	6	2	2	1	2
7	1	35	31	33	34	35	36	37	38	39	40	42	43
7	1	35	2	13	48	42	11	6	9	3	3	3	1
7	1	36	31	32	33	34	35	36	37	38	39	40
7	1	36	1	1	1	18	10	17	3	1	2	1
7	1	37	33	34	35	36	37	38	39
7	1	37	3	6	4	2	6	1	1
7	1	38	33	34	35	36	38
7	1	38	2	7	4	1	1
7	1	39	34	35	37
7	1	39	1	4	1
7	1	40	35	36	42
7	1	40	1	2	1
7	1	41	36
7	1	41	1
7	1	42	34	35	42
7	1	42	1	1	1
7	1	43	34	35
7	1	43	1	1
7	2	11	11
7	2	11	3
7	2	12	12
7	2	12	1
7	2	13	13	15
7	2	13	5	1
7	2	14	14	16
7	2	14	64	3
7	2	15	15
7	2	15	23
7	2	16	15	16	21
7	2	16	1	121	2
7	2	17	17	23
7	2	17	3	1
7	2	18	18	19	22
7	2	18	67	1	4
7	2	19	19	20	23	24	27
7	2	19	748	1	20	19	1
7	2	20	22
7	2	20	1
7	2	21	21	24
7	2	21	58	3
7	2	22	19	20	21	22	23	24	25	26
7	2	22	1	1	1	158	5	1	1	3
7	2	23	19	21	22	23	24	25	26	27	28
7	2	23	5	1	2	371	10	4	4	1	2
7	2	24	19	22	23	24	25	26	28	29	30	32
7	2	24	10	1	11	2076	2	1	12	2	5	1
7	2	25	22	24	25	26	28	31	34
7	2	25	1	1	38	1	6	1	2
7	2	26	23	24	25	26	29	30	31	32
7	2	26	1	1	3	50	5	1	2	1
7	2	27	24	26	27	28	29
7	2	27	1	1	19	1	2
7	2	28	24	27	28	29	30	31	32	33
7	2	28	7	3	98	6	6	3	4	1
7	2	29	26	27	28	29	30	31	32	33
7	2	29	2	1	4	303	17	15	9	2
7	2	30	24	25	26	28	29	30	31	32	33	34
7	2	30	3	3	1	4	9	109	9	11	6	1
7	2	31	26	28	29	30	31	32	33	34	35
7	2	31	3	1	14	2	122	24	18	2	2
7	2	32	28	29	30	31	32	33	34	35	42
7	2	32	3	3	4	14	153	36	14	1	1
7	2	33	29	30	31	32	33	34	35	36	37	42
7	2	33	2	8	13	30	332	85	18	3	1	1
7	2	34	31	32	33	34	35	36	37	38	39	42	43
7	2	34	1	6	97	512	73	20	9	4	2	3	1
7	2	35	30	31	32	33	34	35	36	37	38	39	40	42	45
7	2	35	1	1	2	17	77	87	15	4	5	2	1	1	1
7	2	36	31	32	33	34	35	36	37	38	39	40	42	45
7	2	36	2	1	2	23	20	17	2	1	2	4	1	1
7	2	37	34	35	36	37	38	39	40
7	2	37	11	2	4	9	3	2	1
7	2	38	33	34	35	36	38	43
7	2	38	1	4	8	2	10	2
7	2	39	34	35	39
7	2	39	4	4	10
7	2	40	34	36	39	40
7	2	40	3	3	1	2
7	2	41	41
7	2	41	1
7	2	42	34	35	42
7	2	42	2	4	5
7	2	43	36	41
7	2	43	1	1
7	2	45	34	42
7	2	45	1	1
7	3	11	11
7	3	11	3
7	3	12	12
7	3	12	1
7	3	13	13
7	3	13	5
7	3	14	14	16
7	3	14	62	2
7	3	15	15
7	3	15	25
7	3	16	15	16	21
7	3	16	1	122	1
7	3	17	17	23
7	3	17	2	1
7	3	18	15	18	22
7	3	18	1	62	4
7	3	19	19	22	23	24
7	3	19	739	1	13	12
7	3	20	20
7	3	20	2
7	3	21	21	22	23	24	26
7	3	21	52	4	1	4	1
7	3	22	21	22	23	24	25	29
7	3	22	1	158	3	2	2	1
7	3	23	19	22	23	24	25	28
7	3	23	6	2	370	26	3	2
7	3	24	19	23	24	25	27	28	29
7	3	24	10	7	2090	2	1	11	1
7	3	25	21	22	23	24	25	26	27	28	30
7	3	25	1	1	3	2	31	5	1	3	4
7	3	26	21	22	23	24	25	26	29	30	31	32	34
7	3	26	1	1	1	1	1	49	3	2	2	4	1
7	3	27	26	27	28	29	31
7	3	27	1	21	1	1	1
7	3	28	22	23	24	25	26	27	28	29	30	31	32	34
7	3	28	1	4	11	6	2	2	88	6	2	4	4	1
7	3	29	24	26	27	28	29	30	31	32	33
7	3	29	1	1	1	7	297	13	19	6	1
7	3	30	24	25	26	28	29	30	31	32	33
7	3	30	1	4	1	1	15	103	11	6	11
7	3	31	26	27	28	29	30	31	32	33	34	37
7	3	31	1	1	4	14	6	118	21	15	2	1
7	3	32	28	29	30	31	32	33	34
7	3	32	4	3	10	31	141	38	15
7	3	33	28	29	30	31	32	33	34	35	36	38
7	3	33	3	1	11	26	29	326	100	12	2	2
7	3	34	30	31	32	33	34	35	36	37	38	39	40	42	43	45
7	3	34	1	2	8	94	500	86	19	15	4	8	1	1	1	1
7	3	35	31	32	33	34	35	36	37	38	39	42	45
7	3	35	1	3	18	79	82	15	4	5	7	4	1
7	3	36	33	34	35	36	37	38	39	40	41
7	3	36	4	20	15	14	6	2	1	2	1
7	3	37	33	34	35	36	37	38	41
7	3	37	2	6	5	2	8	1	1
7	3	38	34	35	36	38	43
7	3	38	8	5	2	7	1
7	3	39	33	34	35	36	37	39
7	3	39	1	3	4	3	1	7
7	3	40	33	35	37	40	43
7	3	40	1	1	1	4	1
7	3	41	42
7	3	41	2
7	3	42	32	35	36	42	43	45
7	3	42	2	3	1	4	2	1
7	3	43	30	34	38
7	3	43	1	1	1
7	3	45	34	42
7	3	45	1	1
7	4	11	11
7	4	11	3
7	4	12	12
7	4	12	1
7	4	13	13
7	4	13	5
7	4	14	14
7	4	14	62
7	4	15	13	15	16
7	4	15	1	25	1
7	4	16	14	16
7	4	16	1	123
7	4	17	17
7	4	17	2
7	4	18	18	19	22
7	4	18	60	1	1
7	4	19	19	23	24
7	4	19	722	14	19
7	4	20	20	21
7	4	20	1	1
7	4	21	16	19	21	22	23	24
7	4	21	1	1	50	1	1	2
7	4	22	18	20	21	22	26
7	4	22	2	1	1	167	1
7	4	23	19	22	23	24	25	26	28
7	4	23	6	2	357	23	5	2	8
7	4	24	19	21	22	23	24	26	27	28	29	30	31
7	4	24	12	2	1	5	2116	1	1	4	2	5	1
7	4	25	22	23	24	25	26	28	30
7	4	25	1	2	2	39	1	2	2
7	4	26	25	26	27	28	29	30	31	32	33
7	4	26	2	47	1	1	2	3	2	1	2
7	4	27	24	27	28	31
7	4	27	1	23	2	1
7	4	28	23	24	25	26	27	28	29	30	31	32	33
7	4	28	4	11	4	1	1	87	9	1	3	1	2
7	4	29	24	25	26	27	28	29	30	31	32	33	34
7	4	29	2	2	2	2	6	288	14	19	5	1	1
7	4	30	25	26	28	29	30	31	32	33	43
7	4	30	2	3	5	9	104	12	8	9	1
7	4	31	24	26	27	28	29	30	31	32	33	34
7	4	31	1	3	1	3	25	10	140	18	12	2
7	4	32	26	28	29	30	31	32	33	34	35	36	41
7	4	32	2	3	5	10	21	143	28	8	1	2	1
7	4	33	26	27	29	30	31	32	33	34	35	36	38
7	4	33	1	1	3	5	18	38	334	87	21	1	2
7	4	34	25	31	32	33	34	35	36	37	38	39	40	41	42	43	45
7	4	34	1	7	9	80	525	69	20	5	6	8	1	1	2	1	2
7	4	35	31	32	33	34	35	36	37	38	39	42	43	45
7	4	35	1	1	12	58	105	17	6	3	5	2	2	1
7	4	36	33	34	35	36	37	38	39	42	45
7	4	36	2	14	15	19	2	2	2	1	1
7	4	37	31	33	34	35	36	37	39	40
7	4	37	1	1	8	6	3	13	1	3
7	4	38	33	34	35	36	37	38
7	4	38	2	8	2	1	1	8
7	4	39	34	35	36	39	42	45
7	4	39	5	7	2	6	1	2
7	4	40	34	35	36	40
7	4	40	1	1	2	3
7	4	41	41
7	4	41	2
7	4	42	35	36	39	42
7	4	42	4	1	1	6
7	4	43	35	38	42
7	4	43	3	1	1
7	4	45	34	42	45
7	4	45	1	1	1
7	5	11	11
7	5	11	3
7	5	12	12
7	5	12	1
7	5	13	13	15
7	5	13	5	1
7	5	14	14	16
7	5	14	61	2
7	5	15	15
7	5	15	25
7	5	16	14	16	21
7	5	16	1	122	2
7	5	17	17
7	5	17	2
7	5	18	15	18	19	22
7	5	18	1	53	1	7
7	5	19	19	23	24
7	5	19	694	19	29
7	5	20	20	22
7	5	20	1	1
7	5	21	21	22	24
7	5	21	50	1	3
7	5	22	18	21	22	23	26	28
7	5	22	3	1	160	7	1	1
7	5	23	17	19	21	22	23	24	25	28
7	5	23	1	11	1	3	331	29	2	5
7	5	24	19	21	22	23	24	26	27	28	29	30	31
7	5	24	23	3	1	8	2120	3	1	14	1	2	1
7	5	25	22	23	25	26	28	30	31	32	34
7	5	25	1	1	37	6	3	4	1	1	1
7	5	26	21	23	24	25	26	27	28	29	31	33
7	5	26	1	1	1	3	47	1	1	5	2	2
7	5	27	21	22	24	25	26	27	28
7	5	27	1	1	2	1	1	23	1
7	5	28	23	24	26	27	28	29	30	31	32	33
7	5	28	5	12	1	1	89	2	2	4	3	2
7	5	29	26	27	28	29	30	31	32	33
7	5	29	3	3	9	288	17	14	4	5
7	5	30	21	24	26	28	29	30	31	32	33	38
7	5	30	1	1	2	6	22	96	12	9	4	1
7	5	31	22	25	26	27	28	29	30	31	32	33	36	37
7	5	31	1	1	2	1	2	15	9	156	18	19	1	1
7	5	32	26	28	29	30	31	32	33	34	35	42
7	5	32	5	1	3	8	17	158	25	4	2	1
7	5	33	26	28	29	30	31	32	33	34	35
7	5	33	1	1	1	8	9	27	354	76	8
7	5	34	28	30	31	32	33	34	35	36	37	38	39	40	41	42	43
7	5	34	1	3	2	7	105	476	80	19	7	8	3	3	2	1	1
7	5	35	31	32	33	34	35	36	37	38	39	40	41	42	43	45
7	5	35	1	2	19	82	97	14	4	3	5	2	1	1	1	2
7	5	36	32	34	35	36	37	40	42
7	5	36	2	14	18	28	2	3	1
7	5	37	34	35	36	37	38	40	41
7	5	37	6	7	1	9	1	1	2
7	5	38	32	33	34	35	36	37	38
7	5	38	1	2	3	4	2	2	8
7	5	39	33	34	35	36	39	42
7	5	39	2	6	4	3	7	1
7	5	40	34	36	40	45
7	5	40	1	1	4	1
7	5	41	29	33	35	41
7	5	41	1	1	1	1
7	5	42	33	35	42	45
7	5	42	1	1	11	1
7	5	43	34	35	36
7	5	43	2	1	1
7	5	45	34	35	39	40	41	45
7	5	45	1	1	1	1	1	2
7	6	11	5
7	6	11	3
7	6	12	5
7	6	12	1
7	6	13	5
7	6	13	5
7	6	14	5
7	6	14	62
7	6	15	5
7	6	15	27
7	6	16	5
7	6	16	124
7	6	17	5
7	6	17	3
7	6	18	5
7	6	18	56
7	6	19	3	5	6
7	6	19	4	723	2
7	6	20	5
7	6	20	1
7	6	21	5	6
7	6	21	56	4
7	6	22	5	6
7	6	22	172	4
7	6	23	3	5	6
7	6	23	1	362	9
7	6	24	3	5	6	7
7	6	24	4	2142	50	1
7	6	25	5	6	7	25
7	6	25	28	12	3	1
7	6	26	5	6	7	25
7	6	26	46	18	7	1
7	6	27	5	6	7
7	6	27	11	18	1
7	6	28	5	6	7
7	6	28	22	101	11
7	6	29	5	6	7
7	6	29	57	267	14
7	6	30	5	6	7
7	6	30	20	97	32
7	6	31	5	6	7	31
7	6	31	18	157	42	2
7	6	32	3	5	6	7
7	6	32	2	16	89	125
7	6	33	3	4	5	6	7	33	34
7	6	33	1	1	13	134	390	1	1
7	6	34	4	5	6	7	34
7	6	34	1	3	121	546	1
7	6	35	5	6	7
7	6	35	3	46	175
7	6	36	6	7
7	6	36	17	53
7	6	37	6	7
7	6	37	9	16
7	6	38	3	6	7
7	6	38	1	4	16
7	6	39	6	7
7	6	39	7	9
7	6	40	6	7
7	6	40	3	11
7	6	41	6	7
7	6	41	2	5
7	6	42	5	6	7
7	6	42	1	6	9
7	6	43	6	7
7	6	43	1	1
7	6	45	6	7
7	6	45	3	3
8	1	13	21
8	1	13	1
8	1	14	14	16	21	23
8	1	14	5	1	1	3
8	1	16	14	16	25	26
8	1	16	1	12	1	3
8	1	18	18	22	24
8	1	18	13	4	1
8	1	19	19	23	24	25	26	31
8	1	19	91	3	10	1	1	1
8	1	21	30
8	1	21	1
8	1	22	22	23	28
8	1	22	9	1	1
8	1	23	18	19	23	24	25	29	30	33
8	1	23	1	10	28	9	2	1	1	2
8	1	24	19	23	24	26	29	30	31	32	33
8	1	24	10	6	282	1	5	1	3	4	2
8	1	25	28	35
8	1	25	1	1
8	1	26	26	32
8	1	26	3	1
8	1	27	32	33	34	35	36	39
8	1	27	2	2	2	1	1	1
8	1	28	23	24	28	36
8	1	28	1	4	5	1
8	1	29	24	28	29	30
8	1	29	2	1	22	2
8	1	30	24	27	28	29	30	31	32	33	34	37
8	1	30	1	1	2	6	4	1	1	2	1	1
8	1	31	27	29	30	31	32	33	34
8	1	31	1	4	1	7	6	3	2
8	1	32	29	31	32	33	34	40	42
8	1	32	1	1	10	10	3	1	1
8	1	33	30	32	33	34	35
8	1	33	1	8	22	12	1
8	1	34	33	34	35	36	37	39
8	1	34	3	30	10	2	1	2
8	1	35	33	34	35	36	37	39
8	1	35	2	8	8	2	1	1
8	1	36	33	35
8	1	36	1	2
8	1	37	36	37
8	1	37	1	1
8	1	38	34	36	38
8	1	38	1	1	1
8	1	39	36	38
8	1	39	1	1
8	2	14	14	16
8	2	14	5	1
8	2	16	16
8	2	16	13
8	2	18	18
8	2	18	14
8	2	19	19	24
8	2	19	109	2
8	2	21	21
8	2	21	2
8	2	22	22
8	2	22	13
8	2	23	22	23	25
8	2	23	2	38	2
8	2	24	23	24	28
8	2	24	2	306	1
8	2	25	25	26
8	2	25	3	1
8	2	26	25	26	30
8	2	26	1	6	1
8	2	27	27
8	2	27	2
8	2	28	24	28	29
8	2	28	1	8	1
8	2	29	28	29	30
8	2	29	1	37	1
8	2	30	30	31	34
8	2	30	9	1	1
8	2	31	24	29	30	31	32
8	2	31	1	3	1	7	1
8	2	32	29	31	32	33	34
8	2	32	2	5	21	2	2
8	2	33	28	32	33	34	35	36
8	2	33	1	6	36	4	1	1
8	2	34	33	34	35	36	38
8	2	34	9	42	6	1	1
8	2	35	33	34	35	36	40
8	2	35	6	6	8	2	1
8	2	36	29	34	35	36	39
8	2	36	1	2	2	3	1
8	2	37	31	34	35
8	2	37	1	2	1
8	2	38	35	37
8	2	38	1	1
8	2	39	34	39
8	2	39	2	2
8	2	40	40
8	2	40	1
8	2	42	42
8	2	42	1
8	3	14	14
8	3	14	5
8	3	16	16
8	3	16	14
8	3	18	18
8	3	18	14
8	3	19	19	23	24
8	3	19	106	1	2
8	3	21	21
8	3	21	2
8	3	22	18	22
8	3	22	1	14
8	3	23	23	24
8	3	23	39	1
8	3	24	24	28	29
8	3	24	307	2	1
8	3	25	24	25	30
8	3	25	1	4	1
8	3	26	26	33
8	3	26	6	1
8	3	27	24	27
8	3	27	1	1
8	3	28	24	28	30
8	3	28	1	8	2
8	3	29	26	27	29	30	31	36
8	3	29	1	1	36	1	4	1
8	3	30	26	28	29	30	32
8	3	30	1	1	2	6	2
8	3	31	26	31	32
8	3	31	1	6	7
8	3	32	29	30	31	32	33	34
8	3	32	3	1	2	16	5	1
8	3	33	29	30	32	33	34	35
8	3	33	1	1	4	35	10	2
8	3	34	30	32	33	34	35	36
8	3	34	1	1	9	40	8	2
8	3	35	33	34	35	36	37	39
8	3	35	1	5	9	2	1	1
8	3	36	33	34	35	36
8	3	36	1	1	3	2
8	3	37	37
8	3	37	1
8	3	38	34
8	3	38	1
8	3	39	35	36
8	3	39	2	1
8	3	40	34	39
8	3	40	1	1
8	3	42	40
8	3	42	1
8	4	14	14
8	4	14	5
8	4	16	16
8	4	16	14
8	4	18	18	22
8	4	18	14	1
8	4	19	19	23	24
8	4	19	98	3	5
8	4	21	21	24
8	4	21	1	1
8	4	22	22	23
8	4	22	13	1
8	4	23	23
8	4	23	40
8	4	24	19	22	23	24	27	28
8	4	24	1	1	1	306	2	2
8	4	25	25	26
8	4	25	3	1
8	4	26	26	30
8	4	26	8	1
8	4	27	22	27
8	4	27	1	1
8	4	28	24	25	28	29
8	4	28	2	1	5	3
8	4	29	28	29	31
8	4	29	2	40	1
8	4	30	25	26	28	29	30	33
8	4	30	1	1	1	1	8	1
8	4	31	26	29	30	31
8	4	31	1	4	1	6
8	4	32	26	31	32	33
8	4	32	1	2	24	3
8	4	33	29	31	32	33	34	35
8	4	33	1	1	2	39	8	1
8	4	34	33	34	35	36
8	4	34	3	47	7	2
8	4	35	33	34	35	36	41	42
8	4	35	1	6	13	1	1	2
8	4	36	34	35	36	37
8	4	36	3	3	1	1
8	4	37	35	37
8	4	37	1	1
8	4	39	35	39
8	4	39	1	1
8	4	40	39
8	4	40	1
8	5	14	14	16
8	5	14	3	2
8	5	16	16
8	5	16	14
8	5	18	18	22
8	5	18	13	1
8	5	19	19	23	24
8	5	19	95	2	2
8	5	21	21
8	5	21	1
8	5	22	22	23
8	5	22	13	3
8	5	23	19	23	24
8	5	23	2	42	1
8	5	24	19	23	24	25	28
8	5	24	1	2	309	1	1
8	5	25	24	25	29
8	5	25	1	3	1
8	5	26	25	26	29	31	32
8	5	26	2	5	2	2	1
8	5	27	24	27
8	5	27	1	2
8	5	28	24	25	26	28	29
8	5	28	1	1	1	6	1
8	5	29	24	29	30	31	32	33
8	5	29	2	40	4	1	1	1
8	5	30	30	32	33
8	5	30	8	1	1
8	5	31	29	31	33	34
8	5	31	1	6	2	1
8	5	32	31	32	33
8	5	32	3	18	5
8	5	33	31	32	33	34	35
8	5	33	4	1	32	9	1
8	5	34	31	32	33	34	35	36	39
8	5	34	1	1	10	47	2	2	1
8	5	35	29	33	34	35	36	37	42
8	5	35	1	1	8	7	5	3	1
8	5	36	34	35	36
8	5	36	2	1	1
8	5	37	36	37
8	5	37	1	1
8	5	39	35	39
8	5	39	1	1
8	5	41	34
8	5	41	1
8	5	42	33	42
8	5	42	1	1
8	6	14	14
8	6	14	3
8	6	16	16
8	6	16	16
8	6	18	18	22
8	6	18	12	1
8	6	19	19	23
8	6	19	95	3
8	6	21	21
8	6	21	1
8	6	22	18	20	22	23
8	6	22	1	1	11	1
8	6	23	23	24
8	6	23	45	4
8	6	24	19	23	24	28
8	6	24	4	1	311	1
8	6	25	25
8	6	25	7
8	6	26	26	28
8	6	26	5	1
8	6	27	27
8	6	27	2
8	6	28	24	28	31
8	6	28	1	5	1
8	6	29	26	29	30	31
8	6	29	1	40	1	4
8	6	30	29	30	31	32
8	6	30	3	6	1	2
8	6	31	26	29	30	31	32
8	6	31	1	1	1	11	3
8	6	32	32	33	34	37
8	6	32	14	7	1	1
8	6	33	31	32	33	34	35	36	37
8	6	33	3	1	36	10	1	1	1
8	6	34	31	32	33	34	35	36	38	39
8	6	34	1	1	5	49	9	1	1	1
8	6	35	33	34	35	39
8	6	35	2	3	6	1
8	6	36	34	35	36
8	6	36	4	1	4
8	6	37	33	34	38
8	6	37	1	2	1
8	6	39	35	39
8	6	39	1	1
8	6	42	34	45
8	6	42	1	1
8	7	14	1	3
8	7	14	1	2
8	7	16	3
8	7	16	16
8	7	18	3
8	7	18	13
8	7	19	1	3
8	7	19	1	98
8	7	20	3
8	7	20	1
8	7	21	3
8	7	21	1
8	7	22	3
8	7	22	12
8	7	23	3	23	24	30
8	7	23	47	1	1	1
8	7	24	1	3	24
8	7	24	2	311	3
8	7	25	3	4
8	7	25	5	2
8	7	26	3	4	26
8	7	26	4	2	1
8	7	27	3
8	7	27	2
8	7	28	3	4
8	7	28	6	1
8	7	29	3
8	7	29	44
8	7	30	3	4	25
8	7	30	5	2	1
8	7	31	3	4	29
8	7	31	19	1	1
8	7	32	3	4
8	7	32	18	3
8	7	33	3	4
8	7	33	22	29
8	7	34	3	4
8	7	34	5	65
8	7	35	3	4
8	7	35	1	17
8	7	36	3	4
8	7	36	1	5
8	7	37	3	4
8	7	37	1	1
8	7	38	3	4
8	7	38	1	1
8	7	39	4
8	7	39	3
8	7	45	4
8	7	45	1
9	1	14	23
9	1	14	1
9	1	15	15
9	1	15	1
9	1	16	14
9	1	16	1
9	1	18	18	22
9	1	18	1	3
9	1	19	19	24
9	1	19	6	1
9	1	22	22
9	1	22	1
9	1	23	23	26	34
9	1	23	3	1	1
9	1	24	23	24	26	29
9	1	24	1	23	1	1
9	1	26	31
9	1	26	1
9	1	27	39
9	1	27	1
9	1	28	24	28
9	1	28	1	2
9	1	29	29	31
9	1	29	1	2
9	1	30	29	33
9	1	30	1	1
9	1	31	29	31
9	1	31	1	5
9	1	32	32	34
9	1	32	1	1
9	1	33	32	33	34
9	1	33	1	1	1
9	1	34	33	34	37	41
9	1	34	1	2	1	1
9	1	35	33	34	35	45
9	1	35	1	3	1	1
9	2	14	14
9	2	14	1
9	2	15	15
9	2	15	1
9	2	18	18
9	2	18	1
9	2	19	19
9	2	19	6
9	2	22	22
9	2	22	4
9	2	23	23
9	2	23	5
9	2	24	23	24	26
9	2	24	1	23	1
9	2	26	26	31
9	2	26	1	1
9	2	28	28
9	2	28	2
9	2	29	29
9	2	29	4
9	2	31	29	31	32
9	2	31	1	6	1
9	2	32	32
9	2	32	2
9	2	33	33
9	2	33	4
9	2	34	34
9	2	34	8
9	2	35	34
9	2	35	1
9	2	37	35
9	2	37	1
9	2	39	35
9	2	39	1
9	2	41	42
9	2	41	1
9	2	45	35
9	2	45	1
9	3	14	14
9	3	14	1
9	3	15	15
9	3	15	1
9	3	18	18
9	3	18	1
9	3	19	19
9	3	19	6
9	3	22	22
9	3	22	4
9	3	23	23
9	3	23	6
9	3	24	23	24	30
9	3	24	1	21	1
9	3	26	26	29
9	3	26	1	1
9	3	28	28
9	3	28	2
9	3	29	29
9	3	29	5
9	3	31	29	30	31	32
9	3	31	2	1	3	1
9	3	32	32
9	3	32	3
9	3	33	33	34
9	3	33	3	1
9	3	34	33	34	35
9	3	34	2	5	2
9	3	35	34	37
9	3	35	2	1
9	3	42	33
9	3	42	1
9	4	14	14
9	4	14	1
9	4	15	15
9	4	15	1
9	4	18	18
9	4	18	1
9	4	19	19
9	4	19	6
9	4	22	22
9	4	22	4
9	4	23	23	24
9	4	23	5	2
9	4	24	19	24
9	4	24	1	20
9	4	26	26
9	4	26	1
9	4	28	28	29
9	4	28	1	1
9	4	29	29
9	4	29	8
9	4	30	29	30
9	4	30	1	1
9	4	31	31	33
9	4	31	2	1
9	4	32	29	32
9	4	32	1	3
9	4	33	33	34
9	4	33	5	1
9	4	34	33	34
9	4	34	2	6
9	4	35	34	35
9	4	35	1	1
9	4	37	34
9	4	37	1
9	5	14	14
9	5	14	1
9	5	15	15
9	5	15	1
9	5	18	18
9	5	18	1
9	5	19	19
9	5	19	7
9	5	22	22
9	5	22	4
9	5	23	23	29
9	5	23	4	1
9	5	24	24
9	5	24	22
9	5	26	26
9	5	26	1
9	5	28	28
9	5	28	1
9	5	29	24	29	31
9	5	29	1	8	2
9	5	30	30
9	5	30	1
9	5	31	30	31
9	5	31	1	1
9	5	32	31	32
9	5	32	2	1
9	5	33	33	34
9	5	33	6	2
9	5	34	33	34	35
9	5	34	1	7	1
9	5	35	35
9	5	35	1
9	6	14	14
9	6	14	1
9	6	15	15
9	6	15	1
9	6	18	18
9	6	18	1
9	6	19	19
9	6	19	7
9	6	22	22	23
9	6	22	3	1
9	6	23	23
9	6	23	4
9	6	24	24
9	6	24	23
9	6	26	24
9	6	26	1
9	6	28	28
9	6	28	1
9	6	29	29	31
9	6	29	7	2
9	6	30	30
9	6	30	2
9	6	31	31	32
9	6	31	3	2
9	6	32	32
9	6	32	1
9	6	33	31	32	33	34	35
9	6	33	1	1	2	2	1
9	6	34	31	33	34	35	38
9	6	34	1	1	5	1	1
9	6	35	34	35
9	6	35	1	1
9	7	14	14
9	7	14	1
9	7	15	15
9	7	15	1
9	7	18	18
9	7	18	1
9	7	19	19
9	7	19	7
9	7	22	22
9	7	22	3
9	7	23	23
9	7	23	5
9	7	24	23	24
9	7	24	1	23
9	7	28	28
9	7	28	1
9	7	29	25	26	27	29
9	7	29	1	1	1	4
9	7	30	30
9	7	30	2
9	7	31	31	32
9	7	31	6	1
9	7	32	31	32	33
9	7	32	1	2	1
9	7	33	31	33
9	7	33	2	1
9	7	34	33	34	35	36	38
9	7	34	1	3	2	1	1
9	7	35	34	39
9	7	35	2	1
9	7	38	38
9	7	38	1
9	8	14	1
9	8	14	1
9	8	15	1
9	8	15	1
9	8	18	1
9	8	18	1
9	8	19	1
9	8	19	7
9	8	22	1
9	8	22	3
9	8	23	1
9	8	23	6
9	8	24	1
9	8	24	23
9	8	25	1
9	8	25	1
9	8	26	1
9	8	26	1
9	8	27	1
9	8	27	1
9	8	28	1
9	8	28	1
9	8	29	1
9	8	29	4
9	8	30	1
9	8	30	2
9	8	31	1
9	8	31	9
9	8	32	1
9	8	32	3
9	8	33	1
9	8	33	3
9	8	34	1
9	8	34	5
9	8	35	1
9	8	35	2
9	8	36	1
9	8	36	1
9	8	38	1
9	8	38	2
9	8	39	1
9	8	39	1
10	1	14	14
10	1	14	1
10	1	15	14
10	1	15	1
10	1	16	16
10	1	16	1
10	1	19	19	24	25
10	1	19	4	1	1
10	1	22	22
10	1	22	1
10	1	23	23
10	1	23	2
10	1	24	19	24	31	33
10	1	24	1	11	2	1
10	1	25	34
10	1	25	1
10	1	26	26
10	1	26	1
10	1	29	29	30
10	1	29	2	2
10	1	30	29	30
10	1	30	1	1
10	1	31	30
10	1	31	1
10	1	33	33	34	35
10	1	33	1	2	1
10	1	34	36
10	1	34	1
10	1	35	34
10	1	35	1
10	1	38	33
10	1	38	1
10	2	14	14	15
10	2	14	1	1
10	2	16	16
10	2	16	1
10	2	19	19
10	2	19	5
10	2	22	22
10	2	22	1
10	2	23	23	24
10	2	23	1	1
10	2	24	24
10	2	24	12
10	2	25	25
10	2	25	1
10	2	26	26
10	2	26	1
10	2	29	29
10	2	29	3
10	2	30	30
10	2	30	4
10	2	31	31
10	2	31	2
10	2	33	33	34
10	2	33	2	1
10	2	34	31	34
10	2	34	1	3
10	2	35	35
10	2	35	1
10	2	36	37
10	2	36	1
10	3	14	14
10	3	14	1
10	3	15	15
10	3	15	1
10	3	16	16
10	3	16	1
10	3	19	19
10	3	19	5
10	3	22	22
10	3	22	1
10	3	23	23
10	3	23	1
10	3	24	24
10	3	24	13
10	3	25	25
10	3	25	1
10	3	26	25
10	3	26	1
10	3	29	29	30
10	3	29	2	1
10	3	30	24	30	32
10	3	30	1	2	1
10	3	31	29	31
10	3	31	1	2
10	3	33	33
10	3	33	2
10	3	34	33	34
10	3	34	2	2
10	3	35	33
10	3	35	1
10	3	37	34
10	3	37	1
10	4	14	14
10	4	14	1
10	4	15	15
10	4	15	1
10	4	16	16
10	4	16	1
10	4	19	19
10	4	19	5
10	4	22	22
10	4	22	1
10	4	23	23
10	4	23	1
10	4	24	24	26
10	4	24	13	1
10	4	25	23	25
10	4	25	1	1
10	4	29	29
10	4	29	3
10	4	30	29	30
10	4	30	1	2
10	4	31	31	33
10	4	31	1	1
10	4	32	31
10	4	32	1
10	4	33	30	33	34
10	4	33	1	3	1
10	4	34	34	35
10	4	34	2	1
10	5	14	14
10	5	14	1
10	5	15	15
10	5	15	1
10	5	16	16
10	5	16	1
10	5	19	19
10	5	19	5
10	5	22	22
10	5	22	1
10	5	23	23
10	5	23	2
10	5	24	24
10	5	24	13
10	5	25	28
10	5	25	1
10	5	26	24
10	5	26	1
10	5	29	29
10	5	29	4
10	5	30	30
10	5	30	3
10	5	31	27	31
10	5	31	1	1
10	5	33	33	34
10	5	33	3	1
10	5	34	33	34
10	5	34	1	2
10	5	35	35
10	5	35	1
10	6	14	14
10	6	14	1
10	6	15	15
10	6	15	1
10	6	16	16
10	6	16	1
10	6	19	19
10	6	19	5
10	6	22	23
10	6	22	1
10	6	23	23
10	6	23	2
10	6	24	24
10	6	24	14
10	6	27	27
10	6	27	1
10	6	28	25
10	6	28	1
10	6	29	29
10	6	29	4
10	6	30	30	34
10	6	30	2	1
10	6	31	32
10	6	31	1
10	6	33	32	33	34
10	6	33	1	1	2
10	6	34	34
10	6	34	3
10	6	35	34
10	6	35	1
10	7	14	14
10	7	14	1
10	7	15	15
10	7	15	1
10	7	16	16
10	7	16	1
10	7	19	19
10	7	19	5
10	7	23	23	26
10	7	23	2	1
10	7	24	24
10	7	24	14
10	7	25	25
10	7	25	1
10	7	27	31
10	7	27	1
10	7	29	29
10	7	29	4
10	7	30	30	33
10	7	30	1	1
10	7	32	31	32
10	7	32	1	1
10	7	33	32
10	7	33	1
10	7	34	33	34
10	7	34	2	5
10	8	14	14
10	8	14	1
10	8	15	15
10	8	15	1
10	8	16	16
10	8	16	1
10	8	19	19
10	8	19	5
10	8	23	23
10	8	23	2
10	8	24	19	24
10	8	24	1	13
10	8	25	25
10	8	25	1
10	8	26	26
10	8	26	1
10	8	29	29	31
10	8	29	3	1
10	8	30	30
10	8	30	1
10	8	31	24	31
10	8	31	1	1
10	8	32	28	32
10	8	32	1	1
10	8	33	24	33	34
10	8	33	1	1	1
10	8	34	32	34
10	8	34	1	4
10	9	14	1
10	9	14	1
10	9	15	1
10	9	15	1
10	9	16	1
10	9	16	1
10	9	19	1
10	9	19	6
10	9	23	1
10	9	23	2
10	9	24	1
10	9	24	15
10	9	25	25
10	9	25	1
10	9	26	1
10	9	26	1
10	9	28	1
10	9	28	1
10	9	29	1
10	9	29	3
10	9	30	1
10	9	30	1
10	9	31	1
10	9	31	2
10	9	32	1
10	9	32	2
10	9	33	1
10	9	33	1
10	9	34	1
10	9	34	5
11	1	16	16
11	1	16	1
11	1	19	19
11	1	19	1
11	1	22	22
11	1	22	1
11	1	23	23
11	1	23	3
11	1	24	24
11	1	24	1
11	1	30	30
11	1	30	1
11	1	33	30	34
11	1	33	1	1
11	2	16	16
11	2	16	1
11	2	19	19
11	2	19	1
11	2	22	22
11	2	22	1
11	2	23	23
11	2	23	3
11	2	24	24
11	2	24	1
11	2	30	30
11	2	30	2
11	2	34	30
11	2	34	1
11	3	16	16
11	3	16	1
11	3	19	19
11	3	19	1
11	3	22	22
11	3	22	1
11	3	23	23
11	3	23	3
11	3	24	24
11	3	24	1
11	3	30	30	37
11	3	30	2	1
11	4	16	16
11	4	16	1
11	4	19	19
11	4	19	1
11	4	22	22
11	4	22	1
11	4	23	23
11	4	23	3
11	4	24	24
11	4	24	1
11	4	30	24	30
11	4	30	1	1
11	4	37	30
11	4	37	1
11	5	16	16
11	5	16	1
11	5	19	19
11	5	19	1
11	5	22	22
11	5	22	1
11	5	23	23
11	5	23	3
11	5	24	24
11	5	24	2
11	5	30	30
11	5	30	2
11	6	16	16
11	6	16	1
11	6	19	19
11	6	19	1
11	6	22	22
11	6	22	1
11	6	23	23
11	6	23	3
11	6	24	24
11	6	24	2
11	6	30	30
11	6	30	2
11	7	16	16
11	7	16	1
11	7	19	19
11	7	19	1
11	7	22	22
11	7	22	1
11	7	23	23
11	7	23	3
11	7	24	24	30
11	7	24	1	1
11	7	30	30	31
11	7	30	1	1
11	8	16	16
11	8	16	1
11	8	19	19
11	8	19	1
11	8	22	22
11	8	22	1
11	8	23	23
11	8	23	3
11	8	24	24
11	8	24	1
11	8	30	30
11	8	30	2
11	8	31	29
11	8	31	1
11	9	16	16
11	9	16	1
11	9	19	19
11	9	19	1
11	9	22	22
11	9	22	1
11	9	23	23
11	9	23	3
11	9	24	24
11	9	24	1
11	9	29	29
11	9	29	1
11	9	30	30	33
11	9	30	1	1
11	10	16	1
11	10	16	1
11	10	19	1
11	10	19	1
11	10	22	1
11	10	22	1
11	10	23	1
11	10	23	3
11	10	24	1
11	10	24	1
11	10	29	1
11	10	29	1
11	10	30	1
11	10	30	1
11	10	33	1
11	10	33	1
12	1	16	16
12	1	16	1
12	1	23	23
12	1	23	1
12	1	24	24
12	1	24	1
12	1	29	31	32
12	1	29	1	1
12	1	34	33
12	1	34	1
12	1	36	34
12	1	36	1
12	2	16	16
12	2	16	1
12	2	23	23
12	2	23	1
12	2	24	24
12	2	24	1
12	2	31	31
12	2	31	1
12	2	32	31
12	2	32	1
12	2	33	33
12	2	33	1
12	2	34	35
12	2	34	1
12	3	16	16
12	3	16	1
12	3	23	23
12	3	23	1
12	3	24	24
12	3	24	1
12	3	31	31
12	3	31	2
12	3	33	33
12	3	33	1
12	3	35	35
12	3	35	1
12	4	16	16
12	4	16	1
12	4	23	23
12	4	23	1
12	4	24	24
12	4	24	1
12	4	31	30	31
12	4	31	1	1
12	4	33	34
12	4	33	1
12	4	35	35
12	4	35	1
12	5	16	16
12	5	16	1
12	5	23	23
12	5	23	1
12	5	24	24
12	5	24	1
12	5	30	29
12	5	30	1
12	5	31	33
12	5	31	1
12	5	34	33
12	5	34	1
12	5	35	35
12	5	35	1
12	6	16	16
12	6	16	1
12	6	23	22
12	6	23	1
12	6	24	24
12	6	24	1
12	6	29	29
12	6	29	1
12	6	33	33
12	6	33	2
12	6	35	35
12	6	35	1
12	7	16	16
12	7	16	1
12	7	22	22
12	7	22	1
12	7	24	24
12	7	24	1
12	7	29	29
12	7	29	1
12	7	33	31	33
12	7	33	1	1
12	7	35	35
12	7	35	1
12	8	16	16
12	8	16	1
12	8	22	18
12	8	22	1
12	8	24	24
12	8	24	1
12	8	29	29
12	8	29	1
12	8	31	33
12	8	31	1
12	8	33	32
12	8	33	1
12	8	35	35
12	8	35	1
12	9	16	16
12	9	16	1
12	9	18	18
12	9	18	1
12	9	24	24
12	9	24	1
12	9	29	29
12	9	29	1
12	9	32	32
12	9	32	1
12	9	33	33
12	9	33	1
12	9	35	35
12	9	35	1
12	10	16	16
12	10	16	1
12	10	18	18
12	10	18	1
12	10	24	24
12	10	24	1
12	10	29	28
12	10	29	1
12	10	32	30
12	10	32	1
12	10	33	33
12	10	33	1
12	10	35	34
12	10	35	1
12	11	16	1
12	11	16	1
12	11	18	1
12	11	18	1
12	11	24	1
12	11	24	1
12	11	28	1
12	11	28	1
12	11	30	1
12	11	30	1
12	11	33	1
12	11	33	1
12	11	34	1
12	11	34	1
13	1	19	32
13	1	19	1
13	1	22	22
13	1	22	1
13	1	24	24
13	1	24	2
13	1	30	29
13	1	30	1
13	2	22	22
13	2	22	1
13	2	24	24
13	2	24	2
13	2	29	29
13	2	29	1
13	2	32	32
13	2	32	1
13	3	22	23
13	3	22	1
13	3	24	24
13	3	24	2
13	3	29	29
13	3	29	1
13	3	32	32
13	3	32	1
13	4	23	23
13	4	23	1
13	4	24	24
13	4	24	2
13	4	29	29
13	4	29	1
13	4	32	32
13	4	32	1
13	5	23	23
13	5	23	1
13	5	24	24
13	5	24	2
13	5	29	29
13	5	29	1
13	5	32	32
13	5	32	1
13	6	23	23
13	6	23	1
13	6	24	24
13	6	24	2
13	6	29	29
13	6	29	1
13	6	32	32
13	6	32	1
13	7	23	23
13	7	23	1
13	7	24	24
13	7	24	2
13	7	29	29
13	7	29	1
13	7	32	32
13	7	32	1
13	8	23	23
13	8	23	1
13	8	24	24
13	8	24	2
13	8	29	29
13	8	29	1
13	8	32	32
13	8	32	1
13	9	23	23
13	9	23	1
13	9	24	24
13	9	24	2
13	9	29	29
13	9	29	1
13	9	32	32
13	9	32	1
13	10	23	23
13	10	23	1
13	10	24	19	24
13	10	24	1	1
13	10	29	29
13	10	29	1
13	10	32	32
13	10	32	1
13	11	19	19
13	11	19	1
13	11	23	23
13	11	23	1
13	11	24	24
13	11	24	1
13	11	29	29
13	11	29	1
13	11	32	31
13	11	32	1
13	12	19	1
13	12	19	1
13	12	23	1
13	12	23	1
13	12	24	1
13	12	24	1
13	12	29	1
13	12	29	1
13	12	31	1
13	12	31	1
14	1	24	24
14	1	24	2
14	1	32	32
14	1	32	1
14	2	24	24
14	2	24	2
14	2	32	32
14	2	32	1
14	3	24	24
14	3	24	2
14	3	32	32
14	3	32	1
14	4	24	24
14	4	24	2
14	4	32	32
14	4	32	1
14	5	24	24
14	5	24	2
14	5	32	28
14	5	32	1
14	6	24	24
14	6	24	2
14	6	28	28
14	6	28	1
14	7	24	24
14	7	24	2
14	7	28	28
14	7	28	1
14	8	24	24
14	8	24	2
14	8	28	28
14	8	28	1
14	9	24	24
14	9	24	2
14	9	28	32
14	9	28	1
14	10	24	24
14	10	24	2
14	10	32	33
14	10	32	1
14	11	24	24
14	11	24	2
14	11	33	34
14	11	33	1
14	12	24	24
14	12	24	2
14	12	34	36
14	12	34	1
14	13	24	1
14	13	24	2
14	13	36	1
14	13	36	1
15	1	19	19
15	1	19	1
15	1	23	19
15	1	23	1
15	1	24	24
15	1	24	2
15	1	34	34
15	1	34	1
15	1	35	34
15	1	35	1
15	2	19	19
15	2	19	2
15	2	24	24
15	2	24	2
15	2	34	33	34
15	2	34	1	1
15	3	19	19
15	3	19	2
15	3	24	24
15	3	24	2
15	3	33	33
15	3	33	1
15	3	34	35
15	3	34	1
15	4	19	19
15	4	19	2
15	4	24	24
15	4	24	2
15	4	33	33
15	4	33	1
15	4	35	34
15	4	35	1
15	5	19	19
15	5	19	2
15	5	24	24
15	5	24	2
15	5	33	33
15	5	33	1
15	5	34	34
15	5	34	1
15	6	19	19	23
15	6	19	1	1
15	6	24	24
15	6	24	2
15	6	33	33
15	6	33	1
15	6	34	35
15	6	34	1
15	7	19	19
15	7	19	1
15	7	23	23
15	7	23	1
15	7	24	24
15	7	24	2
15	7	33	33
15	7	33	1
15	7	35	34
15	7	35	1
15	8	19	19
15	8	19	1
15	8	23	23
15	8	23	1
15	8	24	24
15	8	24	2
15	8	33	33
15	8	33	1
15	8	34	34
15	8	34	1
15	9	19	19
15	9	19	1
15	9	23	23
15	9	23	1
15	9	24	24
15	9	24	2
15	9	33	33
15	9	33	1
15	9	34	34
15	9	34	1
15	10	19	19
15	10	19	1
15	10	23	24
15	10	23	1
15	10	24	24
15	10	24	2
15	10	33	33
15	10	33	1
15	10	34	34
15	10	34	1
15	11	19	19
15	11	19	1
15	11	24	24
15	11	24	3
15	11	33	33
15	11	33	1
15	11	34	35
15	11	34	1
15	12	19	19
15	12	19	1
15	12	24	24
15	12	24	3
15	12	33	33
15	12	33	1
15	12	35	34
15	12	35	1
15	13	19	19
15	13	19	1
15	13	24	24
15	13	24	3
15	13	33	33
15	13	33	1
15	13	34	34
15	13	34	1
15	14	19	1
15	14	19	1
15	14	24	1
15	14	24	3
15	14	33	1
15	14	33	1
15	14	34	1
15	14	34	1
16	1	24	24
16	1	24	2
16	1	33	33
16	1	33	1
16	2	24	24
16	2	24	2
16	2	33	33
16	2	33	1
16	3	24	24
16	3	24	2
16	3	33	33
16	3	33	1
16	4	24	24
16	4	24	2
16	4	33	34
16	4	33	1
16	5	24	24
16	5	24	2
16	5	34	35
16	5	34	1
16	6	24	24
16	6	24	2
16	6	35	34
16	6	35	1
16	7	24	24
16	7	24	2
16	7	34	34
16	7	34	1
16	8	24	24
16	8	24	2
16	8	34	34
16	8	34	1
16	9	24	24
16	9	24	2
16	9	34	34
16	9	34	1
16	10	24	24
16	10	24	2
16	10	34	34
16	10	34	1
16	11	24	24
16	11	24	2
16	11	34	34
16	11	34	1
16	12	24	24
16	12	24	2
16	12	34	33
16	12	34	1
16	13	24	24
16	13	24	2
16	13	33	33
16	13	33	1
16	14	24	24
16	14	24	2
16	14	33	34
16	14	33	1
16	15	24	1
16	15	24	2
16	15	34	1
16	15	34	1
17	1	19	19
17	1	19	1
17	1	33	34
17	1	33	1
17	2	19	19
17	2	19	1
17	2	34	34
17	2	34	1
17	3	19	19
17	3	19	1
17	3	34	36
17	3	34	1
17	4	19	19
17	4	19	1
17	4	36	35
17	4	36	1
17	5	19	19
17	5	19	1
17	5	35	36
17	5	35	1
17	6	19	24
17	6	19	1
17	6	36	36
17	6	36	1
17	7	24	24
17	7	24	1
17	7	36	36
17	7	36	1
17	8	24	24
17	8	24	1
17	8	36	36
17	8	36	1
17	9	24	24
17	9	24	1
17	9	36	36
17	9	36	1
17	10	24	24
17	10	24	1
17	10	36	36
17	10	36	1
17	11	24	24
17	11	24	1
17	11	36	34
17	11	36	1
17	12	24	24
17	12	24	1
17	12	34	34
17	12	34	1
17	13	24	24
17	13	24	1
17	13	34	35
17	13	34	1
17	14	24	24
17	14	24	1
17	14	35	34
17	14	35	1
17	15	24	24
17	15	24	1
17	15	34	34
17	15	34	1
17	16	24	1
17	16	24	1
17	16	34	1
17	16	34	1
18	1	23	23
18	1	23	1
18	2	23	23
18	2	23	1
18	3	23	24
18	3	23	1
18	4	24	24
18	4	24	1
18	5	24	24
18	5	24	1
18	6	24	24
18	6	24	1
18	7	24	24
18	7	24	1
18	8	24	24
18	8	24	1
18	9	24	24
18	9	24	1
18	10	24	24
18	10	24	1
18	11	24	24
18	11	24	1
18	12	24	24
18	12	24	1
18	13	24	24
18	13	24	1
18	14	24	24
18	14	24	1
18	15	24	24
18	15	24	1
18	16	24	24
18	16	24	1
18	17	24	1
18	17	24	1
19	1	19	19
19	1	19	1
19	1	24	19
19	1	24	1
19	1	31	31
19	1	31	1
19	2	19	19
19	2	19	2
19	2	31	30
19	2	31	1
19	3	19	19
19	3	19	2
19	3	30	29
19	3	30	1
19	4	19	19
19	4	19	2
19	4	29	29
19	4	29	1
19	5	19	19
19	5	19	2
19	5	29	29
19	5	29	1
19	6	19	19	24
19	6	19	1	1
19	6	29	29
19	6	29	1
19	7	19	19
19	7	19	1
19	7	24	24
19	7	24	1
19	7	29	29
19	7	29	1
19	8	19	19
19	8	19	1
19	8	24	24
19	8	24	1
19	8	29	29
19	8	29	1
19	9	19	23
19	9	19	1
19	9	24	24
19	9	24	1
19	9	29	29
19	9	29	1
19	10	23	23
19	10	23	1
19	10	24	24
19	10	24	1
19	10	29	29
19	10	29	1
19	11	23	24
19	11	23	1
19	11	24	24
19	11	24	1
19	11	29	29
19	11	29	1
19	12	24	24
19	12	24	2
19	12	29	29
19	12	29	1
19	13	24	24
19	13	24	2
19	13	29	29
19	13	29	1
19	14	24	24
19	14	24	2
19	14	29	29
19	14	29	1
19	15	24	24
19	15	24	2
19	15	29	29
19	15	29	1
19	16	24	24
19	16	24	2
19	16	29	29
19	16	29	1
19	17	24	19	24
19	17	24	1	1
19	17	29	29
19	17	29	1
19	18	19	1
19	18	19	1
19	18	24	1
19	18	24	1
19	18	29	1
19	18	29	1
*this is the end of the profile