##454 read profile for ART 454 simulator
##homopolymer-length dependent quality score distribution of the 1st-base of homopolymer runs 
##FORMAT
##lenth_of_homopolymer	quality_score_1	quality_score_2 ... 
##lenth_of_homopolymer	freq_of_score_1	freq_of_score_2 ...
1	5	7	8	9	10	11	12	13	14	15	16	17	18	19	20	21	22	23	24	25	26	27	28	29	30	31	32	33	34	35	36	37	38	39	40	41	42	43	45
1	6	249	43	1713	1033	18109	9019	38063	104218	42179	107901	6981	67848	297322	9832	73003	147871	193807	637631	168468	319581	299689	202033	305120	359245	697363	817176	1311754	1229129	237195	81481	33008	25493	11981	4139	1929	1346	784	1461
2	7	8	9	10	11	12	13	14	15	16	17	18	19	20	21	22	23	24	25	26	27	28	29	30	31	32	33	34	35	36	37	38	39	40	41	42	43	45
2	32	9	411	306	5037	2946	9773	27059	12037	29782	1740	13830	65367	2661	17254	35341	44981	149913	38419	77809	57511	47379	79074	88000	166852	186237	328820	373105	81915	29614	11229	9092	6723	2340	1386	1697	835	1526
3	7	8	9	10	11	12	13	14	15	16	17	18	19	20	21	22	23	24	25	26	27	28	29	30	31	32	33	34	35	36	37	38	39	40	41	42	43	45
3	4	2	77	86	1043	627	2911	8186	3705	10689	543	8171	38185	866	7263	21160	27100	96843	14156	28432	19721	18210	30821	33501	61913	66535	113729	125959	26822	9709	3519	3022	2023	701	370	535	288	445
4	9	10	11	12	13	14	15	16	17	18	19	20	21	22	23	24	25	26	27	28	29	30	31	32	33	34	35	36	37	38	39	40	41	42	43	45
4	17	14	297	212	969	2808	1346	4364	132	3140	17834	213	2433	8987	12414	46954	3361	6299	4481	5933	9810	9068	15947	16397	27049	29132	6183	2237	911	661	404	184	93	129	38	82
5	9	11	12	13	14	15	16	17	18	19	20	21	22	23	24	25	26	27	28	29	30	31	32	33	34	35	36	37	38	39	40	41	42	43	45
5	1	75	62	254	1035	521	1677	33	1307	7404	50	803	3713	5973	20846	781	1370	958	2004	3897	2584	4511	4514	8173	8745	1745	620	249	203	108	51	26	34	14	29
6	9	11	12	13	14	15	16	17	18	19	20	21	22	23	24	25	26	27	28	29	30	31	32	33	34	35	36	37	38	39	40	41	42	43	45
6	2	25	27	117	397	206	740	12	596	3573	9	358	1712	2815	9309	338	507	396	1041	1936	1101	1755	1852	3291	3409	690	244	84	91	39	13	9	8	10	8
7	11	12	13	14	15	16	17	18	19	20	21	22	23	24	25	26	27	28	29	30	31	32	33	34	35	36	37	38	39	40	41	42	43
7	5	1	6	91	29	137	4	76	766	2	59	162	424	2188	50	72	59	143	333	148	242	332	507	562	141	55	23	15	6	4	1	3	2
8	13	14	16	18	19	21	22	23	24	25	26	27	28	29	30	31	32	33	34	35	36	37	38	39
8	1	10	17	18	107	1	11	54	314	2	4	9	11	27	20	24	27	44	48	22	3	2	3	2
9	14	15	16	18	19	22	23	24	26	27	28	29	30	31	32	33	34	35
9	1	1	1	4	7	1	5	26	1	1	3	3	2	6	2	3	5	6
10	14	15	16	19	22	23	24	25	26	29	30	31	33	34	35	38
10	1	1	1	6	1	2	15	1	1	4	2	1	4	1	1	1
11	16	19	22	23	24	30	33
11	1	1	1	3	1	1	2
12	16	23	24	29	34	36
12	1	1	1	2	1	1
13	19	22	24	30
13	1	1	2	1
14	24	32
14	2	1
15	19	23	24	34	35
15	1	1	2	1	1
16	24	33
16	2	1
17	19	33
17	1	1
18	23
18	1
19	19	24	31
19	1	1	1
*this is the end of the profile